1	0	0
2	0	0
3	0	0
4	0	0
6	1	0
7	1	0
9	2	0
10	2	0
11	3	0
12	3	0
14	4	0
15	4	0
17	6	0
19	7	0
21	9	0
23	10	0
26	11	0
28	12	0
30	14	0
32	15	0
34	17	0
35	17	0
37	19	0
38	19	0
39	21	0
41	21	0
42	23	0
44	23	0
45	26	0
47	26	0
48	28	0
50	28	0
51	30	0
52	30	0
54	32	0
55	32	0
58	34	0
59	35	0
60	35	0
62	35	0
64	37	0
65	38	0
66	38	0
67	38	0
70	39	0
71	41	0
72	41	0
74	41	0
76	42	0
77	44	0
78	44	0
79	44	0
82	45	0
83	45	0
84	45	0
85	47	0
87	48	0
89	48	0
90	48	0
91	50	0
94	51	0
95	51	0
96	51	0
97	52	0
99	54	0
101	54	0
102	54	0
103	55	0
105	58	0
107	58	0
109	59	0
110	59	0
112	60	0
113	60	0
114	62	0
115	62	0
117	64	0
118	64	0
121	65	0
122	65	0
124	66	0
125	66	0
126	67	0
127	67	0
129	70	0
131	70	0
133	71	0
134	71	0
136	72	0
137	72	0
138	74	0
139	74	0
141	76	0
142	76	0
145	77	0
146	77	0
148	78	0
149	78	0
150	79	0
151	79	0
154	82	0
155	82	0
157	83	0
159	84	0
160	84	0
163	85	0
164	85	0
166	87	0
167	87	0
168	89	0
171	90	0
172	90	0
174	91	0
176	91	0
178	94	0
179	94	0
180	95	0
181	95	0
184	96	0
187	97	0
188	97	0
190	99	0
191	99	0
192	101	0
193	101	0
195	102	0
198	103	0
200	103	0
201	105	0
203	105	0
204	105	0
205	107	0
209	110	0
211	112	0
213	113	0
216	114	0
218	115	0
219	117	0
221	117	0
222	117	0
223	118	0
225	121	0
229	124	0
231	125	0
234	126	0
236	127	0
238	129	0
239	129	0
240	129	0
241	131	0
243	133	0
245	134	0
249	137	0
252	138	0
254	139	0
256	141	0
257	141	0
258	141	0
259	142	0
261	145	0
263	146	0
265	148	0
270	150	0
272	151	0
273	154	0
275	155	0
278	157	0
280	159	0
282	160	0
284	163	0
285	164	0
286	164	0
287	164	0
289	166	0
291	167	0
294	168	0
296	171	0
298	172	0
300	174	0
301	176	0
302	176	0
303	176	0
305	178	0
307	179	0
310	180	0
312	181	0
314	184	0
316	187	0
317	188	0
318	188	0
320	188	0
321	190	0
323	191	0
326	192	0
328	193	0
330	195	0
332	198	0
333	200	0
334	200	0
336	200	0
338	201	0
339	201	0
340	203	0
341	203	0
343	204	0
344	204	0
346	205	0
348	205	0
350	209	0
351	209	0
352	211	0
354	211	0
355	213	0
357	213	0
358	216	0
359	216	0
361	218	0
362	218	0
365	219	0
366	219	0
367	221	0
368	221	0
370	222	0
371	222	0
373	223	0
375	223	0
377	225	0
378	225	0
379	229	0
381	229	0
382	231	0
384	231	0
385	234	0
387	234	0
388	236	0
390	236	0
392	238	0
393	238	0
394	239	0
395	239	0
397	240	0
398	240	0
401	241	0
402	241	0
404	243	0
405	243	0
407	245	0
409	249	0
411	249	0
412	252	0
413	252	0
415	254	0
416	254	0
419	256	0
420	256	0
421	257	0
422	257	0
424	258	0
425	258	0
428	259	0
429	259	0
431	261	0
434	263	0
435	263	0
436	265	0
438	265	0
439	270	0
441	270	0
442	272	0
444	272	0
445	273	0
447	273	0
448	275	0
451	278	0
453	278	0
454	280	0
455	280	0
457	282	0
458	282	0
460	284	0
461	284	0
464	285	0
465	285	0
467	286	0
468	286	0
469	287	0
470	287	0
473	289	0
474	289	0
476	291	0
478	294	0
480	294	0
481	296	0
482	296	0
484	298	0
485	298	0
487	300	0
488	300	0
491	301	0
492	301	0
494	302	0
495	302	0
496	303	0
497	303	0
499	305	0
502	307	0
504	307	0
505	310	0
507	310	0
510	312	0
511	314	0
512	314	0
514	316	0
516	316	0
518	317	0
519	317	0
521	318	0
522	318	0
523	320	0
524	320	0
527	321	0
530	323	0
531	323	0
534	326	0
535	328	0
537	328	0
538	330	0
539	330	0
541	332	0
543	332	0
545	333	0
546	333	0
548	334	0
549	334	0
550	336	0
551	336	0
553	338	0
555	339	0
558	340	0
560	341	0
562	343	0
564	344	0
566	346	0
567	348	0
568	348	0
569	348	0
572	350	0
573	351	0
574	351	0
575	351	0
578	352	0
579	354	0
582	354	0
584	355	0
585	357	0
586	357	0
590	358	0
591	358	0
592	358	0
593	359	0
595	361	0
598	361	0
599	362	0
601	365	0
603	366	0
606	367	0
608	368	0
610	370	0
612	371	0
614	373	0
615	375	0
616	375	0
618	375	0
620	377	0
621	378	0
622	378	0
624	378	0
626	379	0
627	381	0
628	381	0
632	382	0
633	384	0
635	384	0
638	385	0
639	385	0
640	385	0
641	387	0
643	388	0
645	388	0
647	390	0
649	392	0
651	393	0
654	394	0
656	395	0
658	397	0
660	398	0
662	401	0
663	402	0
664	402	0
665	402	0
668	404	0
670	405	0
672	405	0
674	407	0
676	409	0
677	411	0
678	411	0
679	411	0
682	412	0
684	412	0
685	413	0
687	415	0
689	415	0
690	415	0
691	416	0
693	419	0
695	420	0
698	421	0
700	422	0
702	424	0
704	425	0
706	428	0
707	429	0
708	429	0
710	429	0
712	431	0
714	434	0
716	435	0
717	435	0
720	436	0
721	438	0
722	438	0
724	438	0
726	439	0
727	439	0
729	441	0
731	442	0
733	442	0
734	442	0
735	444	0
738	445	0
739	447	0
740	447	0
742	447	0
744	448	0
745	451	0
747	451	0
748	451	0
749	453	0
752	454	0
753	454	0
754	454	0
755	455	0
759	457	0
760	457	0
761	458	0
763	460	0
765	460	0
766	460	0
767	461	0
769	464	0
773	467	0
775	468	0
778	469	0
780	470	0
782	473	0
783	474	0
784	474	0
786	474	0
788	476	0
790	478	0
791	478	0
792	478	0
793	480	0
797	481	0
798	481	0
799	482	0
801	484	0
803	484	0
804	484	0
805	485	0
808	487	0
809	487	0
810	487	0
811	488	0
813	491	0
815	492	0
817	494	0
822	496	0
824	497	0
826	499	0
828	502	0
829	504	0
830	504	0
831	504	0
834	505	0
835	505	0
836	505	0
837	507	0
839	510	0
841	511	0
843	511	0
844	511	0
845	512	0
847	514	0
849	514	0
850	514	0
851	516	0
855	519	0
857	521	0
859	522	0
862	523	0
864	524	0
866	527	0
868	530	0
869	531	0
870	531	0
871	531	0
873	534	0
875	535	0
877	535	0
878	535	0
879	537	0
882	538	0
883	538	0
884	538	0
885	539	0
888	541	0
889	541	0
890	541	0
891	543	0
893	545	0
895	546	0
899	549	0
902	550	0
904	551	0
906	553	0
907	553	0
909	555	0
910	555	0
911	558	0
913	558	0
916	560	0
917	562	0
918	562	0
920	564	0
921	564	0
923	566	0
924	566	0
927	567	0
928	567	0
930	568	0
931	568	0
932	569	0
933	569	0
935	572	0
936	572	0
939	573	0
940	573	0
942	574	0
943	574	0
944	575	0
945	575	0
947	578	0
949	578	0
951	579	0
952	579	0
953	582	0
954	582	0
956	584	0
957	584	0
960	585	0
961	585	0
963	586	0
964	586	0
966	590	0
967	590	0
968	591	0
969	591	0
972	592	0
975	593	0
976	593	0
978	595	0
979	595	0
980	598	0
983	599	0
985	599	0
987	601	0
988	601	0
990	603	0
991	603	0
992	606	0
994	606	0
995	608	0
997	608	0
998	610	0
999	610	0
1002	612	0
1004	614	0
1006	614	0
1008	615	0
1009	615	0
1011	616	0
1012	616	0
1013	618	0
1014	618	0
1016	620	0
1018	620	0
1020	621	0
1021	621	0
1023	622	0
1024	622	0
1025	624	0
1026	624	0
1028	626	0
1030	626	0
1032	627	0
1033	627	0
1035	628	0
1036	628	0
1037	632	0
1038	632	0
1041	633	0
1042	633	0
1043	635	0
1044	635	0
1047	638	0
1048	638	0
1050	639	0
1052	640	0
1053	640	0
1056	641	0
1057	641	0
1059	643	0
1060	643	0
1061	645	0
1064	647	0
1066	647	0
1067	649	0
1069	649	0
1070	651	0
1072	651	0
1075	654	0
1076	656	0
1078	656	0
1079	658	0
1080	658	0
1082	660	0
1083	660	0
1085	662	0
1086	662	0
1089	663	0
1090	663	0
1092	664	0
1093	664	0
1094	665	0
1095	665	0
1097	668	0
1099	668	0
1101	670	0
1102	670	0
1103	672	0
1104	672	0
1106	674	0
1107	674	0
1109	676	0
1110	676	0
1113	677	0
1114	677	0
1116	678	0
1117	678	0
1118	679	0
1119	679	0
1122	682	0
1123	682	0
1125	684	0
1128	685	0
1129	685	0
1131	687	0
1132	687	0
1133	689	0
1134	689	0
1136	690	0
1139	691	0
1141	691	0
1142	693	0
1144	693	0
1145	695	0
1147	695	0
1148	698	0
1150	698	0
1151	700	0
1153	700	0
1155	702	0
1157	704	0
1158	704	0
1160	706	0
1162	706	0
1164	707	0
1165	707	0
1167	708	0
1168	708	0
1169	710	0
1170	710	0
1172	712	0
1174	712	0
1175	714	0
1176	714	0
1179	716	0
1180	716	0
1181	717	0
1182	717	0
1184	720	0
1186	720	0
1188	721	0
1189	721	0
1191	722	0
1192	722	0
1193	724	0
1194	724	0
1197	726	0
1198	726	0
1200	727	0
1203	729	0
1204	729	0
1206	731	0
1207	731	0
1208	733	0
1211	734	0
1212	734	0
1214	735	0
1216	735	0
1217	738	0
1219	738	0
1221	739	0
1222	739	0
1224	740	0
1225	740	0
1226	742	0
1227	742	0
1229	744	0
1230	744	0
1233	745	0
1234	745	0
1235	747	0
1238	748	0
1239	748	0
1241	749	0
1243	749	0
1245	752	0
1246	752	0
1247	753	0
1248	753	0
1251	754	0
1254	755	0
1255	755	0
1257	759	0
1259	760	0
1262	761	0
1264	761	0
1266	763	0
1267	763	0
1268	765	0
1269	765	0
1271	766	0
1272	766	0
1274	767	0
1276	767	0
1278	769	0
1279	769	0
1280	773	0
1282	773	0
1283	775	0
1285	775	0
1286	778	0
1288	778	0
1289	780	0
1291	780	0
1292	782	0
1294	782	0
1296	783	0
1297	783	0
1299	784	0
1300	784	0
1301	786	0
1302	786	0
1304	788	0
1305	788	0
1308	790	0
1309	790	0
1311	791	0
1313	792	0
1314	792	0
1317	793	0
1318	793	0
1319	797	0
1323	798	0
1326	799	0
1327	799	0
1329	801	0
1330	801	0
1331	803	0
1332	803	0
1334	804	0
1337	805	0
1339	805	0
1341	808	0
1342	808	0
1343	809	0
1344	809	0
1346	810	0
1347	810	0
1350	811	0
1351	811	0
1353	813	0
1354	813	0
1356	815	0
1357	815	0
1358	817	0
1360	817	0
1361	822	0
1363	822	0
1364	824	0
1366	824	0
1367	826	0
1369	826	0
1370	828	0
1371	828	0
1374	829	0
1375	829	0
1377	830	0
1378	830	0
1379	831	0
1380	831	0
1383	834	0
1384	834	0
1386	835	0
1388	836	0
1389	836	0
1392	837	0
1393	837	0
1394	839	0
1396	839	0
1398	841	0
1399	841	0
1400	843	0
1401	843	0
1403	844	0
1406	845	0
1408	845	0
1410	847	0
1411	847	0
1412	849	0
1413	849	0
1415	850	0
1416	850	0
1418	851	0
1420	851	0
1422	855	0
1423	855	0
1424	857	0
1426	857	0
1427	859	0
1429	859	0
1430	862	0
1431	862	0
1433	864	0
1434	864	0
1436	866	0
1438	866	0
1439	868	0
1440	868	0
1443	869	0
1444	869	0
1446	870	0
1447	870	0
1448	871	0
1449	871	0
1452	873	0
1453	873	0
1455	875	0
1456	875	0
1457	877	0
1460	878	0
1461	878	0
1463	879	0
1465	879	0
1467	882	0
1468	882	0
1469	883	0
1470	883	0
1473	884	0
1476	885	0
1477	885	0
1479	888	0
1480	888	0
1481	889	0
1482	889	0
1484	890	0
1485	890	0
1488	891	0
1489	891	0
1491	893	0
1492	893	0
1494	895	0
1495	895	0
1496	899	0
1498	899	0
1499	902	0
1500	902	0
1502	904	0
1503	904	0
1506	906	0
1507	907	0
1508	907	0
1510	907	0
1512	909	0
1513	910	0
1514	910	0
1515	910	0
1518	911	0
1519	911	0
1520	911	0
1521	913	0
1523	916	0
1526	917	0
1527	917	0
1528	917	0
1529	918	0
1531	920	0
1533	920	0
1534	920	0
1535	921	0
1538	923	0
1539	923	0
1540	923	0
1541	924	0
1543	927	0
1545	928	0
1547	930	0
1552	932	0
1554	933	0
1555	935	0
1557	935	0
1558	935	0
1559	936	0
1561	939	0
1565	942	0
1567	943	0
1570	944	0
1574	947	0
1575	947	0
1576	947	0
1577	949	0
1579	951	0
1581	952	0
1584	953	0
1586	954	0
1588	956	0
1589	956	0
1590	956	0
1591	957	0
1595	961	0
1597	963	0
1601	966	0
1603	967	0
1606	968	0
1610	972	0
1612	975	0
1613	976	0
1614	976	0
1616	976	0
1619	979	0
1622	980	0
1624	983	0
1625	985	0
1626	985	0
1628	985	0
1630	987	0
1631	988	0
1632	988	0
1634	988	0
1636	990	0
1637	991	0
1638	991	0
1639	991	0
1642	992	0
1643	992	0
1644	992	0
1645	994	0
1647	995	0
1649	995	0
1650	995	0
1651	997	0
1654	998	0
1655	998	0
1656	998	0
1657	999	0
1659	1002	0
1662	1004	0
1663	1004	0
1664	1004	0
1665	1006	0
1667	1008	0
1669	1009	0
1673	1012	0
1676	1013	0
1678	1014	0
1679	1016	0
1681	1016	0
1682	1016	0
1683	1018	0
1687	1021	0
1689	1023	0
1691	1024	0
1694	1025	0
1698	1028	0
1699	1028	0
1700	1028	0
1701	1030	0
1703	1032	0
1709	1036	0
1712	1037	0
1713	1037	0
1714	1037	0
1715	1038	0
1717	1041	0
1719	1042	0
1722	1043	0
1724	1044	0
1725	1047	0
1727	1048	0
1730	1050	0
1732	1052	0
1736	1056	0
1737	1057	0
1738	1057	0
1739	1057	0
1741	1059	0
1746	1061	0
1748	1064	0
1749	1066	0
1750	1066	0
1751	1066	0
1754	1067	0
1755	1069	0
1756	1069	0
1758	1069	0
1760	1070	0
1761	1072	0
1762	1072	0
1763	1072	0
1765	1075	0
1767	1076	0
1769	1076	0
1770	1076	0
1771	1078	0
1774	1079	0
1775	1079	0
1776	1079	0
1777	1080	0
1779	1082	0
1781	1082	0
1782	1082	0
1783	1083	0
1785	1085	0
1787	1085	0
1788	1085	0
1789	1086	0
1791	1089	0
1795	1092	0
1797	1093	0
1800	1094	0
1802	1095	0
1803	1097	0
1805	1097	0
1806	1097	0
1807	1099	0
1809	1101	0
1811	1102	0
1814	1103	0
1816	1104	0
1817	1106	0
1819	1106	0
1820	1106	0
1821	1107	0
1824	1109	0
1825	1109	0
1826	1109	0
1827	1110	0
1829	1113	0
1831	1114	0
1833	1116	0
1840	1119	0
1843	1123	0
1846	1125	0
1848	1128	0
1849	1129	0
1850	1129	0
1852	1129	0
1853	1131	0
1855	1132	0
1860	1134	0
1862	1136	0
1864	1139	0
1865	1141	0
1866	1141	0
1868	1141	0
1870	1142	0
1871	1144	0
1872	1144	0
1874	1144	0
1876	1145	0
1877	1147	0
1878	1147	0
1879	1147	0
1882	1148	0
1883	1148	0
1884	1148	0
1885	1150	0
1887	1151	0
1889	1151	0
1890	1151	0
1891	1153	0
1893	1155	0
1895	1157	0
1897	1157	0
1898	1157	0
1899	1158	0
1901	1160	0
1903	1160	0
1904	1160	0
1905	1162	0
1909	1165	0
1911	1167	0
1913	1168	0
1916	1169	0
1918	1170	0
1919	1172	0
1921	1172	0
1922	1172	0
1923	1174	0
1925	1175	0
1927	1175	0
1928	1175	0
1929	1176	0
1931	1179	0
1933	1180	0
1936	1181	0
1938	1182	0
1940	1184	0
1941	1184	0
1942	1184	0
1943	1186	0
1945	1188	0
1947	1189	0
1951	1192	0
1956	1194	0
1957	1197	0
1962	1200	0
1964	1203	0
1965	1204	0
1966	1204	0
1967	1204	0
1969	1206	0
1971	1207	0
1974	1208	0
1978	1212	0
1980	1214	0
1981	1216	0
1982	1216	0
1983	1216	0
1986	1217	0
1987	1217	0
1988	1217	0
1989	1219	0
1991	1221	0
1993	1222	0
1997	1225	0
2000	1226	0
2002	1227	0
2004	1229	0
2005	1229	0
2006	1229	0
2007	1230	0
2009	1233	0
2011	1234	0
2014	1235	0
2016	1238	0
2018	1239	0
2020	1241	0
2021	1243	0
2022	1243	0
2023	1243	0
2025	1245	0
2027	1246	0
2030	1247	0
2032	1248	0
2034	1251	0
2036	1254	0
2037	1255	0
2038	1255	0
2040	1255	0
2042	1257	0
2044	1259	0
2046	1262	0
2047	1264	0
2048	1264	0
2050	1264	0
2051	1266	0
2053	1267	0
2056	1268	0
2058	1269	0
2060	1271	0
2062	1272	0
2064	1274	0
2065	1276	0
2066	1276	0
2068	1276	0
2070	1278	0
2071	1279	0
2072	1279	0
2074	1279	0
2076	1280	0
2077	1282	0
2078	1282	0
2082	1283	0
2083	1285	0
2085	1285	0
2088	1286	0
2089	1286	0
2090	1286	0
2091	1288	0
2093	1289	0
2095	1289	0
2097	1291	0
2099	1292	0
2101	1292	0
2102	1292	0
2103	1294	0
2107	1297	0
2109	1299	0
2111	1300	0
2114	1301	0
2116	1302	0
2117	1304	0
2119	1304	0
2120	1304	0
2121	1305	0
2123	1308	0
2125	1309	0
2128	1311	0
2130	1313	0
2132	1314	0
2134	1317	0
2135	1318	0
2136	1318	0
2137	1318	0
2140	1319	0
2142	1323	0
2144	1326	0
2145	1327	0
2146	1327	0
2148	1327	0
2149	1329	0
2151	1330	0
2154	1331	0
2156	1332	0
2158	1334	0
2160	1337	0
2161	1339	0
2162	1339	0
2164	1339	0
2165	1341	0
2167	1342	0
2170	1343	0
2172	1344	0
2174	1346	0
2176	1347	0
2178	1350	0
2179	1351	0
2180	1351	0
2182	1351	0
2184	1353	0
2185	1354	0
2186	1354	0
2190	1356	0
2192	1357	0
2193	1357	0
2196	1358	0
2197	1360	0
2198	1360	0
2200	1360	0
2202	1361	0
2203	1361	0
2205	1363	0
2207	1364	0
2209	1364	0
2210	1364	0
2211	1366	0
2214	1367	0
2215	1367	0
2216	1367	0
2217	1369	0
2220	1370	0
2221	1370	0
2222	1370	0
2223	1371	0
2225	1374	0
2227	1375	0
2229	1377	0
2234	1379	0
2236	1380	0
2237	1383	0
2239	1384	0
2242	1386	0
2244	1388	0
2246	1389	0
2248	1392	0
2249	1393	0
2250	1393	0
2251	1393	0
2254	1394	0
2255	1396	0
2256	1396	0
2257	1396	0
2259	1398	0
2261	1399	0
2264	1400	0
2266	1401	0
2268	1403	0
2270	1406	0
2271	1408	0
2272	1408	0
2274	1408	0
2275	1410	0
2277	1411	0
2280	1412	0
2282	1413	0
2284	1415	0
2286	1416	0
2288	1418	0
2289	1420	0
2290	1420	0
2291	1420	0
2294	1422	0
2295	1423	0
2296	1423	0
2297	1423	0
2300	1424	0
2301	1426	0
2304	1426	0
2306	1427	0
2307	1429	0
2308	1429	0
2312	1430	0
2313	1430	0
2314	1430	0
2315	1431	0
2317	1433	0
2320	1433	0
2321	1434	0
2323	1436	0
2325	1436	0
2326	1436	0
2327	1438	0
2329	1439	0
2331	1439	0
2332	1439	0
2333	1440	0
2335	1443	0
2339	1446	0
2341	1447	0
2344	1448	0
2346	1449	0
2348	1452	0
2349	1453	0
2350	1453	0
2351	1453	0
2353	1455	0
2355	1456	0
2358	1457	0
2360	1460	0
2362	1461	0
2364	1463	0
2365	1465	0
2366	1465	0
2367	1465	0
2369	1467	0
2371	1468	0
2374	1469	0
2376	1470	0
2378	1473	0
2380	1476	0
2381	1477	0
2382	1477	0
2384	1477	0
2385	1479	0
2387	1480	0
2390	1481	0
2392	1482	0
2394	1484	0
2396	1485	0
2398	1488	0
2399	1489	0
2400	1489	0
2401	1489	0
2404	1491	0
2406	1492	0
2408	1492	0
2410	1494	0
2411	1495	0
2412	1495	0
2416	1496	0
2417	1498	0
2418	1498	0
2419	1498	0
2422	1499	0
2424	1499	0
2425	1500	0
2427	1502	0
2429	1502	0
2430	1502	0
2431	1503	0
2433	1506	0
2435	1506	0
2437	1507	0
2438	1507	0
2440	1508	0
2441	1508	0
2442	1510	0
2443	1510	0
2445	1512	0
2446	1512	0
2449	1513	0
2450	1513	0
2453	1514	0
2454	1515	0
2455	1515	0
2458	1518	0
2459	1518	0
2461	1519	0
2463	1520	0
2464	1520	0
2467	1521	0
2468	1521	0
2469	1523	0
2471	1523	0
2474	1526	0
2475	1527	0
2476	1527	0
2479	1528	0
2482	1529	0
2483	1529	0
2485	1531	0
2486	1531	0
2487	1533	0
2488	1533	0
2490	1534	0
2493	1535	0
2495	1535	0
2497	1538	0
2498	1538	0
2499	1539	0
2500	1539	0
2502	1540	0
2503	1540	0
2506	1541	0
2507	1541	0
2509	1543	0
2510	1543	0
2512	1545	0
2513	1545	0
2514	1547	0
2516	1547	0
2517	1552	0
2519	1552	0
2520	1554	0
2522	1554	0
2524	1555	0
2525	1555	0
2526	1557	0
2527	1557	0
2529	1558	0
2530	1558	0
2532	1559	0
2534	1559	0
2536	1561	0
2537	1561	0
2538	1565	0
2540	1565	0
2541	1567	0
2543	1567	0
2544	1570	0
2546	1570	0
2548	1574	0
2549	1574	0
2550	1575	0
2551	1575	0
2553	1576	0
2554	1576	0
2557	1577	0
2558	1577	0
2560	1579	0
2561	1579	0
2563	1581	0
2565	1584	0
2566	1584	0
2568	1586	0
2569	1586	0
2572	1588	0
2573	1588	0
2574	1589	0
2575	1589	0
2577	1590	0
2578	1590	0
2581	1591	0
2582	1591	0
2584	1595	0
2585	1595	0
2586	1597	0
2588	1597	0
2589	1601	0
2592	1603	0
2594	1603	0
2595	1606	0
2597	1606	0
2598	1610	0
2599	1610	0
2601	1612	0
2603	1612	0
2605	1613	0
2606	1613	0
2608	1614	0
2609	1614	0
2610	1616	0
2611	1616	0
2614	1619	0
2615	1619	0
2616	1622	0
2617	1622	0
2619	1624	0
2621	1624	0
2623	1625	0
2624	1625	0
2626	1626	0
2627	1626	0
2628	1628	0
2629	1628	0
2631	1630	0
2633	1630	0
2635	1631	0
2636	1631	0
2638	1632	0
2640	1634	0
2641	1634	0
2643	1636	0
2644	1636	0
2647	1637	0
2648	1637	0
2650	1638	0
2651	1638	0
2652	1639	0
2653	1639	0
2656	1642	0
2659	1643	0
2661	1644	0
2662	1644	0
2665	1645	0
2666	1645	0
2668	1647	0
2669	1647	0
2670	1649	0
2673	1650	0
2674	1650	0
2676	1651	0
2678	1651	0
2680	1654	0
2681	1654	0
2682	1655	0
2683	1655	0
2686	1656	0
2689	1657	0
2690	1657	0
2691	1659	0
2693	1659	0
2695	1662	0
2696	1662	0
2697	1663	0
2698	1663	0
2700	1664	0
2701	1664	0
2704	1665	0
2705	1665	0
2707	1667	0
2708	1667	0
2710	1669	0
2711	1669	0
2712	1673	0
2714	1673	0
2715	1676	0
2716	1676	0
2718	1678	0
2719	1678	0
2722	1679	0
2723	1679	0
2724	1681	0
2725	1681	0
2727	1682	0
2728	1682	0
2730	1683	0
2732	1683	0
2734	1687	0
2735	1687	0
2736	1689	0
2738	1689	0
2739	1691	0
2741	1691	0
2742	1694	0
2743	1694	0
2746	1698	0
2747	1698	0
2748	1699	0
2749	1699	0
2751	1700	0
2752	1700	0
2755	1701	0
2756	1701	0
2758	1703	0
2759	1703	0
2760	1709	0
2762	1709	0
2764	1712	0
2765	1712	0
2766	1713	0
2767	1713	0
2769	1714	0
2770	1714	0
2773	1715	0
2774	1715	0
2776	1717	0
2779	1719	0
2780	1719	0
2781	1722	0
2783	1722	0
2784	1724	0
2786	1724	0
2787	1725	0
2789	1725	0
2790	1727	0
2793	1730	0
2795	1730	0
2796	1732	0
2797	1732	0
2799	1736	0
2800	1736	0
2803	1737	0
2804	1737	0
2806	1738	0
2807	1738	0
2808	1739	0
2809	1739	0
2812	1741	0
2813	1741	0
2814	1746	0
2816	1746	0
2817	1748	0
2818	1748	0
2821	1749	0
2822	1749	0
2824	1750	0
2825	1750	0
2826	1751	0
2827	1751	0
2829	1754	0
2831	1754	0
2833	1755	0
2834	1755	0
2836	1756	0
2837	1756	0
2838	1758	0
2839	1758	0
2841	1760	0
2842	1760	0
2846	1761	0
2848	1762	0
2849	1762	0
2850	1763	0
2851	1763	0
2854	1765	0
2855	1765	0
2857	1767	0
2858	1767	0
2859	1769	0
2862	1770	0
2863	1770	0
2865	1771	0
2867	1771	0
2869	1774	0
2870	1774	0
2871	1775	0
2872	1775	0
2875	1776	0
2878	1777	0
2879	1777	0
2882	1779	0
2883	1781	0
2884	1781	0
2886	1782	0
2889	1783	0
2891	1783	0
2893	1785	0
2894	1785	0
2895	1787	0
2896	1787	0
2898	1788	0
2899	1788	0
2901	1789	0
2903	1789	0
2905	1791	0
2906	1791	0
2907	1795	0
2909	1795	0
2910	1797	0
2912	1797	0
2913	1800	0
2915	1800	0
2916	1802	0
2918	1802	0
2920	1803	0
2921	1803	0
2922	1805	0
2923	1805	0
2925	1806	0
2926	1806	0
2928	1807	0
2930	1807	0
2931	1809	0
2933	1809	0
2934	1811	0
2936	1811	0
2937	1814	0
2938	1814	0
2940	1816	0
2941	1816	0
2944	1817	0
2945	1817	0
2946	1819	0
2947	1819	0
2949	1820	0
2950	1820	0
2952	1821	0
2954	1821	0
2956	1824	0
2957	1824	0
2958	1825	0
2959	1825	0
2961	1826	0
2962	1826	0
2965	1827	0
2966	1827	0
2968	1829	0
2971	1831	0
2972	1831	0
2973	1833	0
2975	1833	0
2976	1840	0
2978	1840	0
2979	1843	0
2981	1843	0
2982	1846	0
2983	1846	0
2985	1848	0
2987	1848	0
2989	1849	0
2990	1849	0
2992	1850	0
2993	1850	0
2994	1852	0
2995	1852	0
2998	1853	0
3001	1855	0
3002	1855	0
3003	1860	0
3005	1860	0
3006	1862	0
3007	1862	0
3009	1864	0
3011	1864	0
3013	1865	0
3014	1865	0
3016	1866	0
3017	1866	0
3018	1868	0
3019	1868	0
3021	1870	0
3023	1870	0
3025	1871	0
3028	1872	0
3029	1872	0
3030	1874	0
3031	1874	0
3033	1876	0
3034	1876	0
3037	1877	0
3038	1877	0
3040	1878	0
3041	1878	0
3042	1879	0
3043	1879	0
3046	1882	0
3047	1882	0
3049	1883	0
3051	1884	0
3052	1884	0
3055	1885	0
3056	1885	0
3058	1887	0
3060	1889	0
3063	1890	0
3064	1890	0
3066	1891	0
3068	1891	0
3070	1893	0
3071	1893	0
3073	1895	0
3074	1895	0
3075	1897	0
3076	1897	0
3078	1898	0
3081	1899	0
3083	1899	0
3085	1901	0
3086	1901	0
3087	1903	0
3088	1903	0
3090	1904	0
3091	1904	0
3093	1905	0
3095	1905	0
3097	1909	0
3098	1909	0
3099	1911	0
3101	1911	0
3102	1913	0
3104	1913	0
3105	1916	0
3106	1916	0
3108	1918	0
3109	1918	0
3112	1919	0
3113	1919	0
3114	1921	0
3115	1921	0
3117	1922	0
3118	1922	0
3120	1923	0
3122	1923	0
3124	1925	0
3125	1925	0
3126	1927	0
3127	1927	0
3129	1928	0
3130	1928	0
3132	1929	0
3134	1929	0
3135	1931	0
3137	1931	0
3138	1933	0
3140	1933	0
3141	1936	0
3143	1936	0
3144	1938	0
3146	1938	0
3148	1940	0
3149	1940	0
3150	1941	0
3151	1941	0
3153	1942	0
3154	1942	0
3157	1943	0
3158	1943	0
3160	1945	0
3161	1945	0
3163	1947	0
3165	1951	0
3167	1951	0
3168	1956	0
3169	1956	0
3171	1957	0
3173	1957	0
3174	1962	0
3176	1962	0
3177	1964	0
3178	1964	0
3181	1965	0
3182	1965	0
3184	1966	0
3185	1966	0
3186	1967	0
3187	1967	0
3190	1969	0
3191	1969	0
3193	1971	0
3195	1974	0
3197	1974	0
3198	1978	0
3199	1978	0
3201	1980	0
3202	1980	0
3205	1981	0
3206	1981	0
3208	1982	0
3209	1982	0
3210	1983	0
3211	1983	0
3214	1986	0
3215	1986	0
3216	1987	0
3217	1987	0
3219	1988	0
3220	1988	0
3223	1989	0
3224	1989	0
3226	1991	0
3227	1991	0
3229	1993	0
3231	1997	0
3233	1997	0
3234	2000	0
3235	2000	0
3237	2002	0
3238	2002	0
3241	2004	0
3242	2004	0
3243	2005	0
3244	2005	0
3247	2006	0
3250	2007	0
3251	2007	0
3253	2009	0
3254	2009	0
3256	2011	0
3258	2014	0
3260	2014	0
3261	2016	0
3262	2016	0
3264	2018	0
3265	2018	0
3267	2020	0
3268	2020	0
3271	2021	0
3272	2021	0
3274	2022	0
3275	2022	0
3276	2023	0
3277	2023	0
3279	2025	0
3282	2027	0
3284	2027	0
3285	2030	0
3287	2030	0
3290	2032	0
3291	2034	0
3292	2034	0
3294	2036	0
3296	2036	0
3298	2037	0
3299	2037	0
3301	2038	0
3302	2038	0
3303	2040	0
3304	2040	0
3306	2042	0
3308	2042	0
3309	2044	0
3310	2044	0
3312	2046	0
3314	2046	0
3316	2047	0
3317	2047	0
3319	2048	0
3320	2048	0
3321	2050	0
3322	2050	0
3325	2051	0
3326	2051	0
3328	2053	0
3329	2053	0
3330	2056	0
3332	2056	0
3333	2058	0
3335	2058	0
3336	2060	0
3337	2060	0
3340	2062	0
3342	2064	0
3344	2064	0
3346	2065	0
3347	2065	0
3349	2066	0
3350	2066	0
3351	2068	0
3352	2068	0
3354	2070	0
3356	2070	0
3358	2071	0
3359	2071	0
3361	2072	0
3362	2072	0
3363	2074	0
3364	2074	0
3366	2076	0
3368	2076	0
3370	2077	0
3371	2077	0
3373	2078	0
3374	2078	0
3375	2082	0
3376	2082	0
3379	2083	0
3380	2083	0
3381	2085	0
3382	2085	0
3385	2088	0
3386	2088	0
3388	2089	0
3390	2090	0
3391	2090	0
3394	2091	0
3395	2091	0
3397	2093	0
3398	2093	0
3399	2095	0
3402	2097	0
3404	2097	0
3406	2099	0
3407	2099	0
3408	2101	0
3409	2101	0
3411	2102	0
3412	2102	0
3414	2103	0
3416	2103	0
3418	2107	0
3419	2107	0
3420	2109	0
3422	2109	0
3423	2111	0
3426	2114	0
3427	2114	0
3429	2116	0
3430	2116	0
3433	2117	0
3434	2117	0
3435	2119	0
3436	2119	0
3438	2120	0
3441	2121	0
3443	2121	0
3444	2123	0
3446	2123	0
3447	2125	0
3450	2128	0
3452	2128	0
3453	2130	0
3454	2130	0
3456	2132	0
3457	2132	0
3459	2134	0
3460	2134	0
3463	2135	0
3464	2135	0
3466	2136	0
3467	2136	0
3468	2137	0
3469	2137	0
3471	2140	0
3473	2140	0
3474	2142	0
3475	2142	0
3477	2144	0
3479	2144	0
3481	2145	0
3482	2145	0
3484	2146	0
3485	2146	0
3486	2148	0
3487	2148	0
3490	2149	0
3493	2151	0
3494	2151	0
3497	2154	0
3498	2156	0
3500	2156	0
3501	2158	0
3502	2158	0
3504	2160	0
3506	2160	0
3508	2161	0
3509	2161	0
3511	2162	0
3512	2162	0
3513	2164	0
3514	2164	0
3516	2165	0
3518	2165	0
3519	2167	0
3521	2167	0
3522	2170	0
3524	2170	0
3525	2172	0
3527	2172	0
3529	2174	0
3531	2176	0
3532	2176	0
3534	2178	0
3536	2178	0
3538	2179	0
3539	2179	0
3541	2180	0
3542	2180	0
3543	2182	0
3544	2182	0
3546	2184	0
3548	2184	0
3550	2185	0
3551	2185	0
3553	2186	0
3554	2186	0
3555	2190	0
3556	2190	0
3559	2192	0
3560	2192	0
3561	2193	0
3562	2193	0
3564	2196	0
3566	2196	0
3568	2197	0
3569	2197	0
3571	2198	0
3572	2198	0
3573	2200	0
3574	2200	0
3577	2202	0
3578	2202	0
3580	2203	0
3583	2205	0
3584	2205	0
3586	2207	0
3587	2207	0
3588	2209	0
3591	2210	0
3592	2210	0
3594	2211	0
3596	2211	0
3598	2214	0
3599	2214	0
3601	2215	0
3603	2216	0
3604	2216	0
3607	2217	0
3608	2217	0
3610	2220	0
3611	2220	0
3612	2221	0
3613	2221	0
3615	2222	0
3616	2222	0
3619	2223	0
3620	2223	0
3622	2225	0
3625	2227	0
3626	2227	0
3627	2229	0
3629	2229	0
3630	2234	0
3632	2234	0
3633	2236	0
3635	2236	0
3636	2237	0
3638	2237	0
3639	2239	0
3642	2242	0
3644	2242	0
3645	2244	0
3646	2244	0
3648	2246	0
3649	2246	0
3651	2248	0
3652	2248	0
3655	2249	0
3656	2249	0
3658	2250	0
3659	2250	0
3660	2251	0
3661	2251	0
3663	2254	0
3664	2254	0
3667	2255	0
3668	2255	0
3670	2256	0
3671	2256	0
3672	2257	0
3673	2257	0
3676	2259	0
3679	2261	0
3680	2261	0
3683	2264	0
3684	2266	0
3686	2266	0
3687	2268	0
3688	2268	0
3690	2270	0
3692	2270	0
3694	2271	0
3695	2271	0
3697	2272	0
3698	2272	0
3699	2274	0
3700	2274	0
3703	2275	0
3704	2275	0
3706	2277	0
3707	2277	0
3708	2280	0
3710	2280	0
3713	2282	0
3714	2284	0
3715	2284	0
3717	2286	0
3718	2286	0
3720	2288	0
3721	2288	0
3724	2289	0
3725	2289	0
3727	2290	0
3728	2290	0
3729	2291	0
3730	2291	0
3732	2294	0
3733	2294	0
3736	2295	0
3737	2295	0
3739	2296	0
3740	2296	0
3741	2297	0
3742	2297	0
3744	2300	0
3746	2300	0
3748	2301	0
3749	2301	0
3750	2304	0
3751	2304	0
3753	2306	0
3754	2306	0
3757	2307	0
3758	2307	0
3760	2308	0
3761	2308	0
3763	2312	0
3764	2312	0
3765	2313	0
3766	2313	0
3769	2314	0
3772	2315	0
3773	2315	0
3775	2317	0
3776	2317	0
3777	2320	0
3780	2321	0
3782	2321	0
3784	2323	0
3785	2323	0
3786	2325	0
3789	2326	0
3790	2326	0
3792	2327	0
3794	2327	0
3796	2329	0
3797	2329	0
3798	2331	0
3799	2331	0
3801	2332	0
3802	2332	0
3804	2333	0
3806	2333	0
3808	2335	0
3809	2335	0
3810	2339	0
3813	2341	0
3815	2341	0
3816	2344	0
3818	2344	0
3819	2346	0
3821	2346	0
3822	2348	0
3823	2348	0
3826	2349	0
3827	2349	0
3829	2350	0
3830	2350	0
3831	2351	0
3832	2351	0
3835	2353	0
3836	2353	0
3838	2355	0
3840	2358	0
3842	2358	0
3843	2360	0
3844	2360	0
3846	2362	0
3847	2362	0
3849	2364	0
3850	2364	0
3853	2365	0
3854	2365	0
3856	2366	0
3857	2366	0
3858	2367	0
3859	2367	0
3861	2369	0
3864	2371	0
3866	2371	0
3867	2374	0
3869	2374	0
3872	2376	0
3873	2378	0
3874	2378	0
3876	2380	0
3878	2380	0
3880	2381	0
3881	2381	0
3883	2382	0
3884	2382	0
3885	2384	0
3886	2384	0
3888	2385	0
3890	2385	0
3891	2387	0
3893	2387	0
3896	2390	0
3897	2392	0
3899	2392	0
3900	2394	0
3901	2394	0
3903	2396	0
3904	2396	0
3906	2398	0
3907	2398	0
3910	2399	0
3911	2399	0
3913	2400	0
3914	2400	0
3915	2401	0
3916	2401	0
3918	2404	0
3920	2404	0
3922	2406	0
3923	2406	0
3924	2408	0
3925	2408	0
3927	2410	0
3928	2410	0
3931	2411	0
3932	2411	0
3934	2412	0
3935	2412	0
3936	2416	0
3937	2416	0
3940	2417	0
3941	2417	0
3943	2418	0
3944	2418	0
3945	2419	0
3946	2419	0
3949	2422	0
3950	2422	0
3952	2424	0
3955	2425	0
3956	2425	0
3958	2427	0
3959	2427	0
3960	2429	0
3961	2429	0
3963	2430	0
3966	2431	0
3968	2431	0
3969	2433	0
3971	2433	0
3972	2433	0
3973	2435	0
3977	2438	0
3979	2440	0
3981	2441	0
3984	2442	0
3986	2443	0
3987	2445	0
3989	2445	0
3990	2445	0
3991	2446	0
3993	2449	0
3997	2453	0
4000	2454	0
4002	2455	0
4003	2458	0
4005	2459	0
4008	2461	0
4010	2463	0
4012	2464	0
4014	2467	0
4015	2468	0
4016	2468	0
4017	2468	0
4020	2469	0
4021	2471	0
4022	2471	0
4023	2471	0
4025	2474	0
4028	2475	0
4030	2476	0
4032	2479	0
4034	2482	0
4035	2483	0
4036	2483	0
4038	2483	0
4039	2485	0
4041	2486	0
4044	2487	0
4046	2488	0
4048	2490	0
4050	2493	0
4051	2495	0
4052	2495	0
4054	2495	0
4055	2497	0
4057	2498	0
4060	2499	0
4062	2500	0
4064	2502	0
4066	2503	0
4068	2506	0
4069	2507	0
4070	2507	0
4072	2507	0
4074	2509	0
4075	2510	0
4076	2510	0
4080	2512	0
4082	2513	0
4083	2513	0
4086	2514	0
4087	2516	0
4088	2516	0
4090	2516	0
4092	2517	0
4093	2517	0
4095	2519	0
4097	2520	0
4099	2520	0
4100	2520	0
4101	2522	0
4103	2524	0
4105	2525	0
4108	2526	0
4110	2527	0
4112	2529	0
4114	2530	0
4116	2532	0
4117	2534	0
4118	2534	0
4120	2534	0
4122	2536	0
4123	2537	0
4124	2537	0
4126	2537	0
4128	2538	0
4129	2540	0
4134	2541	0
4135	2543	0
4137	2543	0
4140	2544	0
4141	2544	0
4142	2544	0
4143	2546	0
4145	2548	0
4147	2549	0
4150	2550	0
4152	2551	0
4154	2553	0
4156	2554	0
4158	2557	0
4159	2558	0
4160	2558	0
4161	2558	0
4164	2560	0
4166	2561	0
4168	2561	0
4170	2563	0
4174	2565	0
4175	2566	0
4177	2568	0
4179	2568	0
4180	2568	0
4181	2569	0
4183	2572	0
4185	2573	0
4188	2574	0
4190	2575	0
4192	2577	0
4194	2578	0
4196	2581	0
4197	2582	0
4198	2582	0
4200	2582	0
4202	2584	0
4204	2585	0
4205	2585	0
4208	2586	0
4209	2588	0
4210	2588	0
4212	2588	0
4214	2589	0
4216	2592	0
4217	2594	0
4218	2594	0
4219	2594	0
4222	2595	0
4223	2595	0
4224	2595	0
4225	2597	0
4227	2598	0
4229	2598	0
4230	2598	0
4231	2599	0
4233	2601	0
4235	2601	0
4236	2601	0
4237	2603	0
4241	2606	0
4243	2608	0
4245	2609	0
4248	2610	0
4250	2611	0
4252	2614	0
4253	2615	0
4254	2615	0
4255	2615	0
4258	2616	0
4259	2616	0
4260	2616	0
4261	2617	0
4264	2619	0
4265	2619	0
4266	2619	0
4267	2621	0
4269	2623	0
4271	2624	0
4275	2627	0
4278	2628	0
4280	2629	0
4281	2631	0
4283	2631	0
4284	2631	0
4285	2633	0
4289	2636	0
4291	2638	0
4294	2640	0
4296	2641	0
4297	2643	0
4299	2643	0
4300	2643	0
4301	2644	0
4303	2647	0
4307	2650	0
4309	2651	0
4312	2652	0
4314	2653	0
4315	2656	0
4318	2659	0
4320	2661	0
4322	2662	0
4324	2665	0
4325	2666	0
4326	2666	0
4327	2666	0
4329	2668	0
4331	2669	0
4334	2670	0
4336	2673	0
4338	2674	0
4340	2676	0
4341	2678	0
4342	2678	0
4343	2678	0
4345	2680	0
4347	2681	0
4350	2682	0
4352	2683	0
4354	2686	0
4356	2689	0
4357	2690	0
4358	2690	0
4360	2690	0
4362	2691	0
4363	2693	0
4364	2693	0
4366	2693	0
4367	2695	0
4369	2696	0
4372	2697	0
4374	2698	0
4376	2700	0
4378	2701	0
4380	2704	0
4381	2705	0
4382	2705	0
4383	2705	0
4386	2707	0
4388	2708	0
4390	2708	0
4392	2710	0
4393	2711	0
4394	2711	0
4398	2712	0
4399	2714	0
4400	2714	0
4401	2714	0
4404	2715	0
4406	2715	0
4407	2716	0
4409	2718	0
4411	2718	0
4412	2718	0
4413	2719	0
4415	2722	0
4417	2723	0
4420	2724	0
4422	2725	0
4424	2727	0
4426	2728	0
4428	2730	0
4429	2732	0
4430	2732	0
4431	2732	0
4434	2734	0
4435	2735	0
4436	2735	0
4437	2735	0
4440	2736	0
4441	2738	0
4444	2738	0
4446	2739	0
4447	2741	0
4452	2742	0
4453	2742	0
4454	2742	0
4455	2743	0
4457	2746	0
4459	2747	0
4462	2748	0
4464	2749	0
4466	2751	0
4468	2752	0
4470	2755	0
4471	2756	0
4472	2756	0
4473	2756	0
4476	2758	0
4478	2759	0
4480	2759	0
4482	2760	0
4483	2762	0
4484	2762	0
4485	2762	0
4487	2764	0
4489	2765	0
4492	2766	0
4494	2767	0
4496	2769	0
4498	2770	0
4500	2773	0
4501	2774	0
4502	2774	0
4504	2774	0
4506	2776	0
4508	2779	0
4510	2780	0
4511	2780	0
4515	2781	0
4517	2783	0
4519	2784	0
4521	2784	0
4522	2784	0
4523	2786	0
4526	2787	0
4527	2789	0
4528	2789	0
4530	2789	0
4532	2790	0
4533	2793	0
4535	2793	0
4536	2793	0
4537	2795	0
4540	2796	0
4541	2796	0
4542	2796	0
4543	2797	0
4545	2799	0
4547	2799	0
4548	2799	0
4549	2800	0
4551	2803	0
4555	2806	0
4557	2807	0
4560	2808	0
4562	2809	0
4564	2812	0
4565	2813	0
4566	2813	0
4568	2813	0
4570	2814	0
4571	2814	0
4572	2814	0
4573	2816	0
4576	2817	0
4577	2817	0
4578	2817	0
4579	2818	0
4581	2821	0
4583	2822	0
4585	2824	0
4590	2826	0
4592	2827	0
4594	2829	0
4595	2829	0
4596	2829	0
4597	2831	0
4599	2833	0
4601	2834	0
4605	2837	0
4608	2838	0
4610	2839	0
4612	2841	0
4613	2841	0
4614	2841	0
4615	2842	0
4617	2846	0
4619	2848	0
4624	2850	0
4626	2851	0
4628	2854	0
4629	2855	0
4630	2855	0
4631	2855	0
4633	2857	0
4635	2858	0
4638	2859	0
4640	2862	0
4642	2863	0
4644	2865	0
4645	2867	0
4646	2867	0
4647	2867	0
4649	2869	0
4651	2870	0
4654	2871	0
4656	2872	0
4658	2875	0
4660	2878	0
4661	2879	0
4662	2879	0
4664	2879	0
4665	2882	0
4668	2883	0
4670	2884	0
4672	2886	0
4674	2889	0
4675	2891	0
4676	2891	0
4678	2891	0
4679	2893	0
4681	2894	0
4684	2895	0
4686	2896	0
4688	2898	0
4690	2899	0
4692	2901	0
4693	2903	0
4694	2903	0
4696	2903	0
4698	2905	0
4699	2906	0
4700	2906	0
4702	2906	0
4704	2907	0
4705	2909	0
4706	2909	0
4710	2910	0
4711	2912	0
4713	2912	0
4716	2913	0
4717	2913	0
4718	2913	0
4719	2915	0
4721	2916	0
4723	2916	0
4725	2918	0
4727	2920	0
4729	2921	0
4732	2922	0
4734	2923	0
4736	2925	0
4738	2926	0
4741	2930	0
4742	2930	0
4743	2930	0
4746	2931	0
4747	2933	0
4750	2933	0
4752	2934	0
4754	2936	0
4758	2937	0
4759	2937	0
4760	2937	0
4761	2938	0
4766	2940	0
4767	2941	0
4769	2944	0
4771	2945	0
4774	2946	0
4778	2949	0
4782	2952	0
4783	2954	0
4784	2954	0
4786	2954	0
4787	2956	0
4789	2957	0
4792	2958	0
4794	2959	0
4796	2961	0
4798	2962	0
4800	2965	0
4801	2966	0
4802	2966	0
4804	2966	0
4806	2968	0
4808	2971	0
4810	2972	0
4811	2972	0
4814	2973	0
4815	2975	0
4816	2975	0
4818	2975	0
4819	2976	0
4821	2976	0
4822	2976	0
4823	2978	0
4826	2979	0
4827	2981	0
4828	2981	0
4829	2981	0
4831	2982	0
4833	2982	0
4834	2982	0
4835	2983	0
4837	2985	0
4839	2985	0
4840	2985	0
4841	2987	0
4845	2990	0
4847	2992	0
4849	2993	0
4852	2994	0
4854	2995	0
4856	2998	0
4858	3001	0
4859	3002	0
4860	3002	0
4861	3002	0
4863	3003	0
4865	3003	0
4866	3003	0
4867	3005	0
4870	3006	0
4871	3006	0
4872	3006	0
4873	3007	0
4876	3009	0
4877	3009	0
4878	3009	0
4879	3011	0
4881	3013	0
4883	3014	0
4887	3017	0
4890	3018	0
4892	3019	0
4894	3021	0
4895	3021	0
4896	3021	0
4897	3023	0
4899	3025	0
4903	3029	0
4906	3030	0
4908	3031	0
4910	3033	0
4911	3033	0
4912	3033	0
4913	3034	0
4915	3037	0
4917	3038	0
4919	3040	0
4924	3042	0
4926	3043	0
4927	3046	0
4929	3047	0
4932	3049	0
4934	3051	0
4936	3052	0
4938	3055	0
4939	3056	0
4940	3056	0
4941	3056	0
4943	3058	0
4946	3060	0
4948	3063	0
4950	3064	0
4952	3066	0
4953	3068	0
4954	3068	0
4955	3068	0
4958	3070	0
4959	3071	0
4960	3071	0
4962	3071	0
4963	3073	0
4965	3074	0
4968	3075	0
4970	3076	0
4972	3078	0
4974	3081	0
4975	3083	0
4976	3083	0
4978	3083	0
4979	3085	0
4981	3086	0
4984	3087	0
4986	3088	0
4988	3090	0
4990	3091	0
4992	3093	0
4993	3095	0
4994	3095	0
4995	3095	0
4998	3097	0
4999	3098	0
5000	3098	0
5001	3098	0
5004	3099	0
5005	3101	0
5008	3101	0
5010	3102	0
5011	3104	0
5012	3104	0
5016	3105	0
5017	3105	0
5018	3105	0
5019	3106	0
5021	3108	0
5024	3108	0
5025	3109	0
5027	3112	0
5029	3113	0
5032	3114	0
5036	3117	0
5040	3120	0
5041	3122	0
5042	3122	0
5043	3122	0
5045	3124	0
5047	3125	0
5050	3126	0
5052	3127	0
5054	3129	0
5056	3130	0
5059	3134	0
5060	3134	0
5062	3134	0
5064	3135	0
5066	3137	0
5070	3138	0
5071	3140	0
5073	3140	0
5076	3141	0
5077	3141	0
5078	3141	0
5079	3143	0
5083	3144	0
5085	3146	0
5087	3148	0
5089	3149	0
5092	3150	0
5094	3151	0
5096	3153	0
5098	3154	0
5100	3157	0
5101	3158	0
5102	3158	0
5103	3158	0
5106	3160	0
5108	3161	0
5110	3161	0
5112	3163	0
5114	3165	0
5115	3167	0
5116	3167	0
5117	3167	0
5119	3168	0
5121	3168	0
5122	3168	0
5123	3169	0
5126	3171	0
5127	3173	0
5128	3173	0
5130	3173	0
5131	3174	0
5133	3174	0
5134	3174	0
5135	3176	0
5137	3177	0
5139	3177	0
5140	3177	0
5141	3178	0
5143	3181	0
5147	3184	0
5149	3185	0
5152	3186	0
5154	3187	0
5156	3190	0
5157	3191	0
5158	3191	0
5160	3191	0
5162	3193	0
5164	3195	0
5165	3195	0
5166	3195	0
5167	3197	0
5169	3198	0
5171	3198	0
5172	3198	0
5173	3199	0
5176	3201	0
5177	3201	0
5178	3201	0
5179	3202	0
5181	3205	0
5183	3206	0
5185	3208	0
5190	3210	0
5192	3211	0
5193	3214	0
5195	3215	0
5198	3216	0
5200	3217	0
5202	3219	0
5204	3220	0
5206	3223	0
5207	3224	0
5208	3224	0
5209	3224	0
5214	3227	0
5216	3227	0
5220	3231	0
5221	3233	0
5222	3233	0
5223	3233	0
5226	3234	0
5228	3234	0
5229	3235	0
5231	3237	0
5233	3237	0
5234	3237	0
5235	3238	0
5237	3241	0
5239	3242	0
5242	3243	0
5244	3244	0
5246	3247	0
5248	3250	0
5249	3251	0
5250	3251	0
5252	3251	0
5254	3253	0
5255	3254	0
5256	3254	0
5258	3254	0
5260	3256	0
5262	3258	0
5263	3258	0
5264	3258	0
5265	3260	0
5269	3261	0
5270	3261	0
5271	3262	0
5273	3264	0
5275	3264	0
5276	3264	0
5277	3265	0
5280	3267	0
5281	3267	0
5282	3267	0
5283	3268	0
5285	3271	0
5287	3272	0
5289	3274	0
5294	3276	0
5296	3277	0
5298	3279	0
5300	3282	0
5301	3284	0
5302	3284	0
5303	3284	0
5306	3285	0
5307	3285	0
5308	3285	0
5309	3287	0
5311	3290	0
5313	3291	0
5315	3291	0
5316	3291	0
5317	3292	0
5319	3294	0
5321	3294	0
5322	3294	0
5323	3296	0
5327	3299	0
5329	3301	0
5331	3302	0
5334	3303	0
5336	3304	0
5337	3306	0
5339	3306	0
5340	3306	0
5341	3308	0
5344	3309	0
5345	3309	0
5346	3309	0
5347	3310	0
5350	3312	0
5351	3312	0
5352	3312	0
5353	3314	0
5355	3316	0
5357	3317	0
5361	3320	0
5364	3321	0
5366	3322	0
5368	3325	0
5369	3326	0
5370	3326	0
5372	3326	0
5374	3328	0
5375	3329	0
5376	3329	0
5377	3329	0
5380	3330	0
5381	3330	0
5382	3330	0
5383	3332	0
5385	3333	0
5387	3333	0
5388	3333	0
5389	3335	0
5392	3336	0
5393	3336	0
5394	3336	0
5395	3337	0
5397	3340	0
5400	3342	0
5402	3342	0
5403	3344	0
5405	3346	0
5407	3347	0
5411	3350	0
5414	3351	0
5416	3352	0
5417	3354	0
5419	3354	0
5420	3354	0
5421	3356	0
5425	3359	0
5427	3361	0
5429	3362	0
5432	3363	0
5436	3366	0
5437	3366	0
5438	3366	0
5439	3368	0
5441	3370	0
5447	3374	0
5450	3375	0
5451	3375	0
5452	3375	0
5455	3379	0
5457	3380	0
5460	3381	0
5462	3382	0
5463	3385	0
5465	3386	0
5468	3388	0
5470	3390	0
5474	3394	0
5475	3395	0
5476	3395	0
5477	3395	0
5479	3397	0
5484	3399	0
5486	3402	0
5487	3404	0
5488	3404	0
5489	3404	0
5491	3406	0
5493	3407	0
5496	3408	0
5498	3409	0
5500	3411	0
5502	3412	0
5504	3414	0
5505	3416	0
5506	3416	0
5507	3416	0
5510	3418	0
5511	3419	0
5512	3419	0
5513	3419	0
5517	3422	0
5520	3422	0
5524	3426	0
5525	3426	0
5526	3426	0
5527	3427	0
5529	3429	0
5532	3429	0
5533	3430	0
5535	3433	0
5537	3434	0
5540	3435	0
5542	3436	0
5544	3438	0
5546	3441	0
5547	3443	0
5548	3443	0
5550	3443	0
5552	3444	0
5553	3446	0
5554	3446	0
5556	3446	0
5558	3447	0
5559	3450	0
5561	3450	0
5562	3450	0
5563	3452	0
5566	3453	0
5567	3453	0
5568	3453	0
5569	3454	0
5573	3456	0
5574	3456	0
5575	3457	0
5577	3459	0
5579	3459	0
5580	3459	0
5581	3460	0
5583	3463	0
5587	3466	0
5589	3467	0
5592	3468	0
5594	3469	0
5596	3471	0
5597	3471	0
5598	3471	0
5599	3473	0
5601	3474	0
5603	3474	0
5604	3474	0
5605	3475	0
5607	3477	0
5609	3477	0
5610	3477	0
5611	3479	0
5615	3482	0
5617	3484	0
5619	3485	0
5622	3486	0
5624	3487	0
5626	3490	0
5628	3493	0
5629	3494	0
5630	3494	0
5631	3494	0
5633	3497	0
5635	3498	0
5637	3498	0
5638	3498	0
5639	3500	0
5642	3501	0
5643	3501	0
5644	3501	0
5645	3502	0
5648	3504	0
5649	3504	0
5650	3504	0
5651	3506	0
5653	3508	0
5655	3509	0
5659	3512	0
5662	3513	0
5664	3514	0
5666	3516	0
5667	3518	0
5668	3518	0
5670	3518	0
5672	3519	0
5673	3521	0
5674	3521	0
5675	3521	0
5678	3522	0
5679	3522	0
5680	3522	0
5681	3524	0
5683	3525	0
5685	3525	0
5686	3525	0
5687	3527	0
5689	3529	0
5691	3531	0
5693	3531	0
5694	3531	0
5695	3532	0
5697	3534	0
5700	3534	0
5701	3536	0
5705	3539	0
5707	3541	0
5709	3542	0
5712	3543	0
5714	3544	0
5715	3546	0
5717	3546	0
5718	3546	0
5719	3548	0
5723	3551	0
5725	3553	0
5729	3555	0
5731	3555	0
5732	3555	0
5735	3559	0
5737	3560	0
5740	3561	0
5742	3562	0
5744	3564	0
5745	3564	0
5746	3564	0
5747	3566	0
5749	3568	0
5751	3569	0
5755	3572	0
5760	3574	0
5761	3577	0
5766	3580	0
5768	3583	0
5769	3584	0
5770	3584	0
5771	3584	0
5773	3586	0
5775	3587	0
5778	3588	0
5782	3592	0
5784	3594	0
5785	3596	0
5786	3596	0
5787	3596	0
5789	3598	0
5791	3599	0
5794	3601	0
5796	3603	0
5798	3604	0
5800	3607	0
5801	3608	0
5802	3608	0
5803	3608	0
5805	3610	0
5807	3611	0
5810	3612	0
5812	3613	0
5814	3615	0
5816	3616	0
5818	3619	0
5819	3620	0
5820	3620	0
5822	3620	0
5828	3626	0
5829	3626	0
5832	3627	0
5833	3629	0
5834	3629	0
5836	3629	0
5838	3630	0
5839	3630	0
5841	3632	0
5843	3633	0
5845	3633	0
5846	3633	0
5847	3635	0
5850	3636	0
5851	3638	0
5852	3638	0
5854	3638	0
5856	3639	0
5857	3642	0
5859	3642	0
5860	3642	0
5861	3644	0
5864	3645	0
5865	3645	0
5866	3645	0
5867	3646	0
5871	3648	0
5872	3648	0
5873	3649	0
5875	3651	0
5877	3651	0
5878	3651	0
5881	3655	0
5885	3658	0
5887	3659	0
5890	3660	0
5892	3661	0
5894	3663	0
5895	3663	0
5896	3663	0
5897	3664	0
5899	3667	0
5903	3670	0
5908	3672	0
5910	3673	0
5912	3676	0
5914	3679	0
5915	3680	0
5916	3680	0
5917	3680	0
5919	3683	0
5921	3684	0
5923	3684	0
5924	3684	0
5925	3686	0
5928	3687	0
5929	3687	0
5930	3687	0
5931	3688	0
5934	3690	0
5935	3690	0
5936	3690	0
5937	3692	0
5939	3694	0
5941	3695	0
5945	3698	0
5948	3699	0
5950	3700	0
5952	3703	0
5953	3704	0
5954	3704	0
5956	3704	0
5958	3706	0
5959	3707	0
5960	3707	0
5961	3707	0
5964	3708	0
5965	3708	0
5966	3708	0
5967	3710	0
5969	3713	0
5972	3714	0
5973	3714	0
5974	3714	0
5975	3715	0
5977	3717	0
5979	3717	0
5980	3717	0
5981	3718	0
5984	3720	0
5985	3720	0
5987	3721	0
5989	3724	0
5991	3725	0
5993	3727	0
5998	3729	0
6000	3730	0
6001	3732	0
6003	3732	0
6004	3732	0
6005	3733	0
6007	3736	0
6011	3739	0
6013	3740	0
6016	3741	0
6020	3744	0
6021	3744	0
6022	3744	0
6025	3748	0
6027	3749	0
6030	3750	0
6032	3751	0
6034	3753	0
6035	3753	0
6036	3753	0
6037	3754	0
6041	3758	0
6043	3760	0
6047	3763	0
6049	3764	0
6052	3765	0
6056	3769	0
6058	3772	0
6059	3773	0
6060	3773	0
6062	3773	0
6065	3776	0
6068	3777	0
6070	3780	0
6071	3782	0
6072	3782	0
6074	3782	0
6075	3784	0
6077	3785	0
6080	3786	0
6082	3789	0
6084	3790	0
6086	3792	0
6087	3794	0
6088	3794	0
6089	3794	0
6091	3796	0
6093	3797	0
6096	3798	0
6098	3799	0
6100	3801	0
6102	3802	0
6104	3804	0
6105	3806	0
6106	3806	0
6108	3806	0
6110	3808	0
6111	3809	0
6112	3809	0
6114	3809	0
6119	3815	0
6121	3815	0
6124	3816	0
6125	3816	0
6126	3816	0
6127	3818	0
6129	3819	0
6131	3819	0
6133	3821	0
6135	3822	0
6137	3822	0
6138	3822	0
6139	3823	0
6141	3826	0
6145	3829	0
6150	3831	0
6152	3832	0
6154	3835	0
6155	3836	0
6156	3836	0
6158	3836	0
6160	3838	0
6162	3840	0
6163	3840	0
6164	3840	0
6165	3842	0
6169	3843	0
6170	3843	0
6171	3844	0
6173	3846	0
6175	3846	0
6176	3846	0
6177	3847	0
6180	3849	0
6181	3849	0
6182	3849	0
6185	3853	0
6187	3854	0
6189	3856	0
6194	3858	0
6196	3859	0
6198	3861	0
6200	3864	0
6201	3866	0
6202	3866	0
6203	3866	0
6206	3867	0
6207	3867	0
6208	3867	0
6209	3869	0
6211	3872	0
6213	3873	0
6215	3873	0
6216	3873	0
6217	3874	0
6219	3876	0
6221	3876	0
6222	3876	0
6223	3878	0
6227	3881	0
6229	3883	0
6231	3884	0
6234	3885	0
6236	3886	0
6238	3888	0
6239	3890	0
6240	3890	0
6242	3890	0
6244	3891	0
6245	3893	0
6246	3893	0
6247	3893	0
6249	3896	0
6251	3897	0
6253	3897	0
6254	3897	0
6255	3899	0
6258	3900	0
6259	3900	0
6260	3900	0
6261	3901	0
6263	3903	0
6265	3903	0
6266	3903	0
6267	3904	0
6269	3906	0
6271	3906	0
6273	3907	0
6275	3910	0
6279	3913	0
6281	3914	0
6284	3915	0
6286	3916	0
6287	3918	0
6289	3918	0
6290	3918	0
6293	3922	0
6295	3923	0
6298	3924	0
6300	3925	0
6301	3927	0
6303	3927	0
6304	3927	0
6305	3928	0
6307	3931	0
6313	3935	0
6316	3936	0
6317	3936	0
6318	3936	0
6319	3937	0
6321	3940	0
6323	3941	0
6325	3943	0
6332	3946	0
6335	3950	0
6338	3952	0
6340	3955	0
6341	3956	0
6342	3956	0
6344	3956	0
6345	3958	0
6347	3959	0
6352	3961	0
6354	3963	0
6356	3966	0
6357	3968	0
6358	3968	0
6360	3968	0
6362	3969	0
6363	3969	0
6364	3971	0
6365	3971	0
6367	3972	0
6368	3972	0
6370	3973	0
6372	3973	0
6374	3977	0
6375	3977	0
6376	3979	0
6378	3979	0
6379	3981	0
6382	3984	0
6383	3984	0
6385	3986	0
6386	3986	0
6389	3987	0
6390	3987	0
6391	3989	0
6392	3989	0
6394	3990	0
6395	3990	0
6397	3991	0
6399	3991	0
6401	3993	0
6402	3993	0
6403	3997	0
6405	3997	0
6406	4000	0
6408	4000	0
6411	4002	0
6412	4003	0
6414	4003	0
6415	4005	0
6418	4008	0
6420	4008	0
6421	4010	0
6422	4010	0
6424	4012	0
6425	4012	0
6427	4014	0
6428	4014	0
6431	4015	0
6432	4015	0
6434	4016	0
6435	4016	0
6436	4017	0
6437	4017	0
6439	4020	0
6440	4020	0
6443	4021	0
6444	4021	0
6446	4022	0
6447	4022	0
6448	4023	0
6449	4023	0
6451	4025	0
6454	4028	0
6456	4028	0
6459	4030	0
6460	4032	0
6461	4032	0
6463	4034	0
6465	4034	0
6467	4035	0
6468	4035	0
6470	4036	0
6471	4036	0
6472	4038	0
6473	4038	0
6476	4039	0
6479	4041	0
6480	4041	0
6483	4044	0
6484	4046	0
6486	4046	0
6487	4048	0
6488	4048	0
6490	4050	0
6494	4051	0
6495	4051	0
6497	4052	0
6498	4052	0
6499	4054	0
6500	4054	0
6502	4055	0
6504	4055	0
6505	4057	0
6507	4057	0
6508	4060	0
6510	4060	0
6511	4062	0
6513	4062	0
6515	4064	0
6517	4066	0
6518	4066	0
6520	4068	0
6522	4068	0
6524	4069	0
6527	4070	0
6528	4070	0
6529	4072	0
6530	4072	0
6532	4074	0
6534	4074	0
6536	4075	0
6537	4075	0
6539	4076	0
6540	4076	0
6541	4080	0
6542	4080	0
6545	4082	0
6546	4082	0
6547	4083	0
6548	4083	0
6550	4086	0
6552	4086	0
6554	4087	0
6555	4087	0
6557	4088	0
6558	4088	0
6559	4090	0
6560	4090	0
6563	4092	0
6564	4092	0
6566	4093	0
6569	4095	0
6570	4095	0
6572	4097	0
6573	4097	0
6574	4099	0
6577	4100	0
6578	4100	0
6580	4101	0
6582	4101	0
6584	4103	0
6585	4103	0
6587	4105	0
6588	4105	0
6589	4108	0
6591	4108	0
6592	4110	0
6594	4110	0
6595	4112	0
6596	4112	0
6599	4114	0
6601	4116	0
6603	4116	0
6605	4117	0
6606	4117	0
6608	4118	0
6609	4118	0
6610	4120	0
6611	4120	0
6613	4122	0
6615	4122	0
6617	4123	0
6618	4123	0
6620	4124	0
6621	4124	0
6622	4126	0
6623	4126	0
6625	4128	0
6627	4128	0
6629	4129	0
6630	4129	0
6631	4134	0
6632	4134	0
6635	4135	0
6636	4135	0
6637	4137	0
6638	4137	0
6641	4140	0
6642	4140	0
6644	4141	0
6646	4142	0
6647	4142	0
6650	4143	0
6651	4143	0
6652	4145	0
6654	4145	0
6655	4147	0
6657	4147	0
6660	4150	0
6661	4152	0
6663	4152	0
6664	4154	0
6665	4154	0
6667	4156	0
6668	4156	0
6670	4158	0
6674	4159	0
6675	4159	0
6677	4160	0
6678	4160	0
6679	4161	0
6680	4161	0
6682	4164	0
6684	4164	0
6686	4166	0
6687	4166	0
6688	4168	0
6689	4168	0
6691	4170	0
6692	4170	0
6695	4174	0
6698	4175	0
6699	4175	0
6701	4177	0
6702	4177	0
6703	4179	0
6704	4179	0
6706	4180	0
6709	4181	0
6711	4181	0
6712	4183	0
6714	4183	0
6715	4185	0
6717	4185	0
6718	4188	0
6721	4190	0
6723	4190	0
6725	4192	0
6727	4194	0
6728	4194	0
6730	4196	0
6732	4196	0
6734	4197	0
6735	4197	0
6737	4198	0
6738	4198	0
6739	4200	0
6740	4200	0
6742	4202	0
6743	4202	0
6746	4204	0
6747	4204	0
6748	4205	0
6749	4205	0
6751	4208	0
6753	4208	0
6755	4209	0
6756	4209	0
6759	4210	0
6760	4212	0
6761	4212	0
6763	4214	0
6765	4214	0
6766	4216	0
6767	4216	0
6770	4217	0
6771	4217	0
6773	4218	0
6774	4218	0
6775	4219	0
6776	4219	0
6779	4222	0
6780	4222	0
6782	4223	0
6784	4224	0
6785	4224	0
6789	4225	0
6791	4227	0
6792	4227	0
6793	4229	0
6794	4229	0
6796	4230	0
6799	4231	0
6801	4231	0
6803	4233	0
6804	4233	0
6805	4235	0
6806	4235	0
6808	4236	0
6809	4236	0
6811	4237	0
6813	4237	0
6815	4241	0
6816	4241	0
6817	4243	0
6819	4243	0
6820	4245	0
6822	4245	0
6823	4248	0
6824	4248	0
6826	4250	0
6827	4250	0
6829	4252	0
6830	4252	0
6833	4253	0
6834	4253	0
6836	4254	0
6837	4254	0
6838	4255	0
6839	4255	0
6842	4258	0
6843	4258	0
6844	4259	0
6845	4259	0
6848	4260	0
6851	4261	0
6852	4261	0
6854	4264	0
6855	4264	0
6856	4265	0
6857	4265	0
6859	4266	0
6860	4266	0
6863	4267	0
6864	4267	0
6866	4269	0
6867	4269	0
6869	4271	0
6870	4271	0
6871	4275	0
6873	4275	0
6874	4278	0
6875	4278	0
6877	4280	0
6878	4280	0
6881	4281	0
6882	4281	0
6883	4283	0
6884	4283	0
6886	4284	0
6887	4284	0
6889	4285	0
6891	4285	0
6893	4289	0
6894	4289	0
6895	4291	0
6897	4291	0
6898	4294	0
6899	4294	0
6902	4296	0
6905	4297	0
6906	4297	0
6907	4299	0
6908	4299	0
6910	4300	0
6911	4300	0
6913	4301	0
6915	4301	0
6917	4303	0
6918	4303	0
6919	4307	0
6922	4309	0
6924	4309	0
6925	4312	0
6927	4312	0
6928	4314	0
6930	4314	0
6931	4315	0
6934	4318	0
6936	4318	0
6937	4320	0
6938	4320	0
6941	4322	0
6943	4324	0
6944	4324	0
6947	4325	0
6948	4325	0
6950	4326	0
6951	4326	0
6952	4327	0
6953	4327	0
6956	4329	0
6957	4329	0
6959	4331	0
6961	4334	0
6963	4334	0
6964	4336	0
6965	4336	0
6967	4338	0
6968	4338	0
6970	4340	0
6974	4341	0
6975	4341	0
6977	4342	0
6978	4342	0
6979	4343	0
6980	4343	0
6982	4345	0
6985	4347	0
6988	4350	0
6990	4350	0
6993	4352	0
6994	4354	0
6995	4354	0
6997	4356	0
6999	4356	0
7001	4357	0
7002	4357	0
7004	4358	0
7006	4360	0
7007	4360	0
7009	4362	0
7011	4362	0
7013	4363	0
7014	4363	0
7016	4364	0
7017	4364	0
7018	4366	0
7019	4366	0
7021	4367	0
7023	4367	0
7024	4369	0
7026	4369	0
7029	4372	0
7033	4376	0
7034	4376	0
7036	4378	0
7037	4378	0
7039	4380	0
7040	4380	0
7044	4381	0
7046	4382	0
7047	4382	0
7048	4383	0
7049	4383	0
7051	4386	0
7053	4386	0
7055	4388	0
7056	4388	0
7057	4390	0
7058	4390	0
7060	4392	0
7061	4392	0
7064	4393	0
7065	4393	0
7067	4394	0
7068	4394	0
7070	4398	0
7073	4399	0
7074	4399	0
7076	4400	0
7077	4400	0
7078	4401	0
7082	4404	0
7083	4404	0
7085	4406	0
7088	4407	0
7089	4407	0
7091	4409	0
7092	4409	0
7093	4411	0
7094	4411	0
7096	4412	0
7099	4413	0
7101	4413	0
7103	4415	0
7104	4415	0
7106	4417	0
7107	4417	0
7108	4420	0
7110	4420	0
7113	4422	0
7115	4424	0
7117	4426	0
7118	4426	0
7120	4428	0
7121	4428	0
7124	4429	0
7125	4429	0
7127	4430	0
7128	4430	0
7129	4431	0
7130	4431	0
7132	4434	0
7133	4434	0
7136	4435	0
7137	4435	0
7139	4436	0
7140	4436	0
7141	4437	0
7142	4437	0
7144	4440	0
7146	4440	0
7148	4441	0
7149	4441	0
7150	4444	0
7151	4444	0
7153	4446	0
7154	4446	0
7157	4447	0
7158	4447	0
7160	4452	0
7161	4452	0
7162	4453	0
7166	4454	0
7169	4455	0
7170	4455	0
7171	4457	0
7173	4457	0
7174	4459	0
7176	4459	0
7179	4462	0
7180	4464	0
7182	4464	0
7183	4466	0
7186	4468	0
7187	4468	0
7189	4470	0
7190	4470	0
7193	4471	0
7194	4471	0
7196	4472	0
7197	4472	0
7198	4473	0
7199	4473	0
7201	4476	0
7203	4476	0
7205	4478	0
7206	4478	0
7207	4480	0
7208	4480	0
7210	4482	0
7211	4482	0
7214	4483	0
7215	4483	0
7217	4484	0
7219	4485	0
7220	4485	0
7222	4487	0
7224	4487	0
7225	4489	0
7227	4489	0
7228	4492	0
7230	4492	0
7231	4494	0
7233	4494	0
7235	4496	0
7237	4498	0
7238	4498	0
7240	4500	0
7244	4501	0
7245	4501	0
7247	4502	0
7248	4502	0
7249	4504	0
7250	4504	0
7252	4506	0
7254	4506	0
7255	4508	0
7256	4508	0
7259	4510	0
7260	4510	0
7261	4511	0
7262	4511	0
7265	4515	0
7268	4517	0
7269	4517	0
7271	4519	0
7272	4519	0
7273	4521	0
7276	4522	0
7277	4522	0
7279	4523	0
7281	4523	0
7282	4526	0
7284	4526	0
7286	4527	0
7287	4527	0
7289	4528	0
7290	4528	0
7291	4530	0
7292	4530	0
7294	4532	0
7295	4532	0
7298	4533	0
7299	4533	0
7300	4535	0
7303	4536	0
7304	4536	0
7306	4537	0
7308	4537	0
7310	4540	0
7311	4540	0
7312	4541	0
7313	4541	0
7316	4542	0
7320	4543	0
7322	4545	0
7323	4545	0
7324	4547	0
7325	4547	0
7327	4548	0
7328	4548	0
7330	4549	0
7332	4549	0
7334	4551	0
7335	4551	0
7336	4555	0
7338	4555	0
7339	4557	0
7341	4557	0
7342	4560	0
7344	4560	0
7345	4562	0
7347	4562	0
7348	4564	0
7350	4564	0
7352	4565	0
7353	4565	0
7355	4566	0
7356	4566	0
7357	4568	0
7358	4568	0
7361	4570	0
7362	4570	0
7364	4571	0
7366	4572	0
7367	4572	0
7370	4573	0
7371	4573	0
7373	4576	0
7374	4576	0
7375	4577	0
7376	4577	0
7378	4578	0
7379	4578	0
7382	4579	0
7383	4579	0
7385	4581	0
7386	4581	0
7388	4583	0
7389	4583	0
7390	4585	0
7392	4585	0
7393	4590	0
7395	4590	0
7396	4592	0
7398	4592	0
7400	4594	0
7401	4594	0
7402	4595	0
7403	4595	0
7405	4596	0
7406	4596	0
7409	4597	0
7410	4597	0
7412	4599	0
7413	4599	0
7415	4601	0
7417	4605	0
7419	4605	0
7420	4608	0
7421	4608	0
7423	4610	0
7424	4610	0
7427	4612	0
7428	4612	0
7429	4613	0
7430	4613	0
7432	4614	0
7433	4614	0
7436	4615	0
7437	4615	0
7439	4617	0
7440	4617	0
7441	4619	0
7443	4619	0
7446	4624	0
7447	4626	0
7449	4626	0
7450	4628	0
7451	4628	0
7454	4629	0
7455	4629	0
7457	4630	0
7458	4630	0
7459	4631	0
7460	4631	0
7463	4633	0
7464	4633	0
7466	4635	0
7470	4638	0
7471	4640	0
7472	4640	0
7474	4642	0
7475	4642	0
7477	4644	0
7478	4644	0
7481	4645	0
7482	4645	0
7484	4646	0
7485	4646	0
7486	4647	0
7487	4647	0
7489	4649	0
7492	4651	0
7494	4651	0
7495	4654	0
7497	4654	0
7500	4656	0
7501	4658	0
7502	4658	0
7504	4660	0
7508	4661	0
7509	4661	0
7511	4662	0
7512	4662	0
7513	4664	0
7514	4664	0
7517	4665	0
7521	4668	0
7522	4670	0
7524	4670	0
7525	4672	0
7526	4672	0
7528	4674	0
7530	4674	0
7532	4675	0
7533	4675	0
7535	4676	0
7536	4676	0
7537	4678	0
7538	4678	0
7541	4679	0
7542	4679	0
7544	4681	0
7545	4681	0
7546	4684	0
7548	4684	0
7549	4686	0
7551	4686	0
7552	4688	0
7553	4688	0
7556	4690	0
7558	4692	0
7560	4692	0
7562	4693	0
7563	4693	0
7565	4694	0
7567	4696	0
7568	4696	0
7570	4698	0
7572	4698	0
7574	4699	0
7575	4699	0
7577	4700	0
7578	4700	0
7579	4702	0
7580	4702	0
7582	4704	0
7584	4704	0
7586	4705	0
7587	4705	0
7589	4706	0
7590	4706	0
7591	4710	0
7592	4710	0
7595	4711	0
7596	4711	0
7597	4713	0
7598	4713	0
7601	4716	0
7602	4716	0
7604	4717	0
7606	4718	0
7607	4718	0
7610	4719	0
7611	4719	0
7613	4721	0
7614	4721	0
7615	4723	0
7618	4725	0
7620	4725	0
7622	4727	0
7623	4727	0
7625	4729	0
7626	4729	0
7627	4732	0
7629	4732	0
7632	4734	0
7633	4736	0
7634	4736	0
7636	4738	0
7637	4738	0
7640	4741	0
7641	4741	0
7643	4742	0
7644	4742	0
7645	4743	0
7646	4743	0
7650	4746	0
7652	4747	0
7653	4747	0
7654	4750	0
7655	4750	0
7657	4752	0
7658	4752	0
7661	4754	0
7662	4754	0
7664	4758	0
7665	4758	0
7666	4759	0
7667	4759	0
7670	4760	0
7673	4761	0
7674	4761	0
7675	4766	0
7678	4767	0
7680	4767	0
7682	4769	0
7683	4769	0
7685	4771	0
7686	4771	0
7689	4774	0
7690	4778	0
7691	4778	0
7693	4782	0
7695	4782	0
7697	4783	0
7698	4783	0
7700	4784	0
7701	4784	0
7702	4786	0
7703	4786	0
7705	4787	0
7707	4787	0
7708	4789	0
7710	4789	0
7711	4792	0
7713	4792	0
7714	4794	0
7716	4794	0
7718	4796	0
7720	4798	0
7721	4798	0
7723	4800	0
7725	4800	0
7727	4801	0
7728	4801	0
7730	4802	0
7731	4802	0
7732	4804	0
7733	4804	0
7735	4806	0
7737	4806	0
7738	4808	0
7739	4808	0
7742	4810	0
7743	4810	0
7744	4811	0
7745	4811	0
7747	4814	0
7749	4814	0
7751	4815	0
7752	4815	0
7754	4816	0
7755	4816	0
7756	4818	0
7757	4818	0
7760	4819	0
7761	4819	0
7762	4821	0
7765	4822	0
7766	4822	0
7768	4823	0
7770	4823	0
7771	4826	0
7772	4826	0
7775	4827	0
7776	4827	0
7778	4828	0
7779	4828	0
7780	4829	0
7781	4829	0
7784	4831	0
7785	4831	0
7786	4833	0
7787	4833	0
7789	4834	0
7792	4835	0
7794	4835	0
7796	4837	0
7797	4837	0
7798	4839	0
7799	4839	0
7801	4840	0
7802	4840	0
7804	4841	0
7806	4841	0
7808	4845	0
7809	4845	0
7810	4847	0
7812	4847	0
7813	4849	0
7815	4849	0
7816	4852	0
7817	4852	0
7819	4854	0
7820	4854	0
7822	4856	0
7824	4856	0
7825	4858	0
7826	4858	0
7829	4859	0
7830	4859	0
7832	4860	0
7833	4860	0
7834	4861	0
7835	4861	0
7838	4863	0
7839	4863	0
7840	4865	0
7843	4866	0
7844	4866	0
7848	4867	0
7850	4870	0
7851	4870	0
7852	4871	0
7853	4871	0
7856	4872	0
7859	4873	0
7860	4873	0
7862	4876	0
7863	4876	0
7864	4877	0
7865	4877	0
7867	4878	0
7868	4878	0
7871	4879	0
7872	4879	0
7874	4881	0
7875	4881	0
7877	4883	0
7878	4883	0
7879	4887	0
7881	4887	0
7882	4890	0
7883	4890	0
7885	4892	0
7886	4892	0
7889	4894	0
7890	4894	0
7891	4895	0
7892	4895	0
7894	4896	0
7895	4896	0
7898	4897	0
7899	4897	0
7901	4899	0
7902	4899	0
7903	4903	0
7905	4903	0
7907	4906	0
7909	4908	0
7910	4908	0
7913	4910	0
7914	4910	0
7915	4911	0
7916	4911	0
7918	4912	0
7919	4912	0
7922	4913	0
7923	4913	0
7925	4915	0
7928	4917	0
7929	4917	0
7930	4919	0
7932	4919	0
7933	4924	0
7935	4924	0
7936	4926	0
7938	4926	0
7939	4927	0
7941	4927	0
7942	4929	0
7945	4932	0
7947	4932	0
7948	4934	0
7949	4934	0
7951	4936	0
7952	4936	0
7954	4938	0
7958	4939	0
7959	4939	0
7961	4940	0
7962	4940	0
7963	4941	0
7964	4941	0
7967	4943	0
7969	4946	0
7971	4946	0
7973	4948	0
7975	4950	0
7976	4950	0
7978	4952	0
7979	4952	0
7982	4953	0
7983	4953	0
7985	4954	0
7986	4954	0
7987	4955	0
7988	4955	0
7990	4958	0
7992	4958	0
7994	4959	0
7995	4959	0
7997	4960	0
7998	4960	0
7999	4962	0
8000	4962	0
8003	4963	0
8006	4965	0
8010	4968	0
8011	4970	0
8013	4970	0
8015	4972	0
8017	4974	0
8019	4974	0
8021	4975	0
8024	4976	0
8025	4976	0
8026	4978	0
8027	4978	0
8030	4979	0
8031	4979	0
8033	4981	0
8034	4981	0
8040	4986	0
8041	4988	0
8042	4988	0
8044	4990	0
8045	4990	0
8047	4992	0
8048	4992	0
8051	4993	0
8052	4993	0
8055	4994	0
8056	4995	0
8057	4995	0
8060	4998	0
8063	4999	0
8064	4999	0
8066	5000	0
8067	5000	0
8069	5001	0
8071	5004	0
8073	5004	0
8075	5005	0
8076	5005	0
8077	5008	0
8078	5008	0
8080	5010	0
8081	5010	0
8084	5011	0
8085	5011	0
8087	5012	0
8088	5012	0
8090	5016	0
8091	5016	0
8092	5017	0
8093	5017	0
8096	5018	0
8099	5019	0
8100	5019	0
8102	5021	0
8103	5021	0
8104	5024	0
8107	5025	0
8109	5025	0
8111	5027	0
8112	5027	0
8114	5029	0
8115	5029	0
8116	5032	0
8118	5032	0
8120	5036	0
8122	5040	0
8123	5040	0
8126	5041	0
8127	5041	0
8129	5042	0
8130	5042	0
8131	5043	0
8132	5043	0
8135	5045	0
8136	5045	0
8138	5047	0
8139	5047	0
8140	5050	0
8142	5050	0
8143	5052	0
8145	5052	0
8146	5054	0
8147	5054	0
8150	5056	0
8153	5059	0
8154	5059	0
8156	5060	0
8157	5060	0
8158	5062	0
8159	5062	0
8161	5064	0
8163	5064	0
8165	5066	0
8166	5066	0
8168	5070	0
8171	5071	0
8172	5071	0
8173	5073	0
8174	5073	0
8177	5076	0
8178	5076	0
8180	5077	0
8182	5078	0
8183	5078	0
8186	5079	0
8187	5079	0
8188	5083	0
8191	5085	0
8193	5085	0
8194	5087	0
8196	5087	0
8197	5089	0
8199	5089	0
8202	5092	0
8203	5094	0
8205	5094	0
8206	5096	0
8207	5096	0
8210	5098	0
8212	5100	0
8213	5100	0
8216	5101	0
8217	5101	0
8219	5102	0
8220	5102	0
8221	5103	0
8222	5103	0
8224	5106	0
8226	5106	0
8228	5108	0
8229	5108	0
8230	5110	0
8231	5110	0
8233	5112	0
8234	5112	0
8236	5114	0
8237	5114	0
8240	5115	0
8241	5115	0
8243	5116	0
8244	5116	0
8245	5117	0
8246	5117	0
8249	5119	0
8250	5119	0
8252	5121	0
8254	5122	0
8257	5123	0
8259	5123	0
8260	5126	0
8262	5126	0
8264	5127	0
8265	5127	0
8267	5128	0
8268	5128	0
8269	5130	0
8270	5130	0
8273	5131	0
8274	5131	0
8275	5133	0
8278	5134	0
8279	5134	0
8281	5135	0
8283	5135	0
8285	5137	0
8286	5137	0
8287	5139	0
8288	5139	0
8290	5140	0
8291	5140	0
8293	5141	0
8295	5141	0
8297	5143	0
8298	5143	0
8299	5147	0
8301	5147	0
8302	5149	0
8304	5149	0
8305	5152	0
8307	5152	0
8308	5154	0
8310	5154	0
8311	5156	0
8313	5156	0
8315	5157	0
8316	5157	0
8318	5158	0
8319	5158	0
8320	5160	0
8321	5160	0
8323	5162	0
8324	5162	0
8327	5164	0
8328	5164	0
8330	5165	0
8332	5166	0
8333	5166	0
8336	5167	0
8337	5167	0
8339	5169	0
8340	5169	0
8341	5171	0
8342	5171	0
8344	5172	0
8349	5173	0
8351	5176	0
8352	5176	0
8353	5177	0
8354	5177	0
8356	5178	0
8357	5178	0
8360	5179	0
8361	5179	0
8363	5181	0
8364	5181	0
8366	5183	0
8367	5183	0
8368	5185	0
8370	5185	0
8371	5190	0
8373	5190	0
8374	5192	0
8376	5192	0
8377	5193	0
8379	5193	0
8380	5195	0
8382	5195	0
8385	5198	0
8388	5200	0
8389	5202	0
8390	5202	0
8392	5204	0
8393	5204	0
8395	5206	0
8396	5206	0
8399	5207	0
8400	5207	0
8402	5208	0
8403	5208	0
8404	5209	0
8405	5209	0
8408	5214	0
8409	5214	0
8410	5216	0
8411	5216	0
8413	5220	0
8414	5220	0
8417	5221	0
8418	5221	0
8420	5222	0
8421	5222	0
8422	5223	0
8423	5223	0
8426	5226	0
8427	5226	0
8429	5228	0
8432	5229	0
8433	5229	0
8435	5231	0
8436	5231	0
8437	5233	0
8438	5233	0
8440	5234	0
8443	5235	0
8445	5235	0
8446	5237	0
8448	5237	0
8449	5239	0
8451	5239	0
8452	5242	0
8454	5242	0
8455	5244	0
8457	5244	0
8458	5246	0
8459	5246	0
8461	5248	0
8463	5248	0
8465	5249	0
8466	5249	0
8468	5250	0
8469	5250	0
8470	5252	0
8471	5252	0
8475	5254	0
8477	5255	0
8478	5255	0
8480	5256	0
8481	5256	0
8482	5258	0
8483	5258	0
8485	5260	0
8486	5260	0
8489	5262	0
8490	5262	0
8492	5263	0
8494	5264	0
8495	5264	0
8498	5265	0
8499	5265	0
8500	5269	0
8504	5270	0
8507	5271	0
8508	5271	0
8510	5273	0
8511	5273	0
8512	5275	0
8513	5275	0
8515	5276	0
8518	5277	0
8520	5277	0
8522	5280	0
8523	5280	0
8524	5281	0
8525	5281	0
8527	5282	0
8528	5282	0
8531	5283	0
8532	5283	0
8534	5285	0
8535	5285	0
8537	5287	0
8538	5287	0
8539	5289	0
8541	5289	0
8542	5294	0
8544	5294	0
8545	5296	0
8547	5296	0
8548	5298	0
8550	5298	0
8551	5300	0
8552	5300	0
8555	5301	0
8556	5301	0
8558	5302	0
8559	5302	0
8560	5303	0
8561	5303	0
8564	5306	0
8565	5306	0
8567	5307	0
8569	5308	0
8570	5308	0
8573	5309	0
8574	5309	0
8575	5311	0
8577	5311	0
8579	5313	0
8580	5313	0
8581	5315	0
8582	5315	0
8584	5316	0
8587	5317	0
8589	5317	0
8591	5319	0
8592	5319	0
8593	5321	0
8594	5321	0
8596	5322	0
8597	5322	0
8601	5323	0
8603	5327	0
8604	5327	0
8605	5329	0
8607	5329	0
8608	5331	0
8610	5331	0
8612	5334	0
8614	5336	0
8615	5336	0
8618	5337	0
8619	5337	0
8620	5339	0
8623	5340	0
8624	5340	0
8626	5341	0
8628	5341	0
8630	5344	0
8631	5344	0
8632	5345	0
8633	5345	0
8636	5346	0
8639	5347	0
8640	5347	0
8642	5350	0
8643	5350	0
8644	5351	0
8645	5351	0
8647	5352	0
8648	5352	0
8651	5353	0
8652	5353	0
8655	5355	0
8657	5357	0
8658	5357	0
8659	5361	0
8661	5361	0
8662	5364	0
8663	5364	0
8665	5366	0
8666	5366	0
8668	5368	0
8670	5368	0
8672	5369	0
8673	5369	0
8675	5370	0
8677	5372	0
8678	5372	0
8680	5374	0
8681	5374	0
8684	5375	0
8685	5375	0
8687	5376	0
8688	5376	0
8689	5377	0
8690	5377	0
8693	5380	0
8696	5381	0
8698	5382	0
8699	5382	0
8702	5383	0
8703	5383	0
8705	5385	0
8706	5385	0
8707	5387	0
8710	5388	0
8711	5388	0
8713	5389	0
8715	5389	0
8717	5392	0
8718	5392	0
8719	5393	0
8720	5393	0
8723	5394	0
8726	5395	0
8727	5395	0
8728	5397	0
8730	5397	0
8732	5400	0
8733	5400	0
8734	5402	0
8735	5402	0
8738	5403	0
8739	5403	0
8741	5405	0
8742	5405	0
8744	5407	0
8745	5407	0
8746	5411	0
8748	5411	0
8749	5414	0
8750	5414	0
8752	5416	0
8753	5416	0
8756	5417	0
8757	5417	0
8758	5419	0
8759	5419	0
8761	5420	0
8762	5420	0
8764	5421	0
8766	5421	0
8768	5425	0
8769	5425	0
8770	5427	0
8772	5427	0
8773	5429	0
8775	5429	0
8776	5432	0
8777	5432	0
8780	5436	0
8781	5436	0
8782	5437	0
8783	5437	0
8785	5438	0
8786	5438	0
8789	5439	0
8790	5439	0
8792	5441	0
8793	5441	0
8794	5447	0
8796	5447	0
8798	5450	0
8799	5450	0
8800	5451	0
8801	5451	0
8803	5452	0
8804	5452	0
8807	5455	0
8810	5457	0
8811	5457	0
8812	5460	0
8814	5460	0
8815	5462	0
8817	5462	0
8818	5463	0
8820	5463	0
8821	5465	0
8824	5468	0
8826	5468	0
8828	5470	0
8830	5474	0
8831	5474	0
8834	5475	0
8835	5475	0
8837	5476	0
8838	5476	0
8839	5477	0
8840	5477	0
8843	5479	0
8844	5479	0
8845	5484	0
8847	5484	0
8848	5486	0
8849	5486	0
8852	5487	0
8853	5487	0
8855	5488	0
8856	5488	0
8857	5489	0
8858	5489	0
8861	5491	0
8862	5491	0
8864	5493	0
8865	5493	0
8868	5496	0
8871	5498	0
8872	5500	0
8873	5500	0
8875	5502	0
8876	5502	0
8878	5504	0
8879	5504	0
8882	5505	0
8883	5505	0
8885	5506	0
8886	5506	0
8887	5507	0
8888	5507	0
8890	5510	0
8891	5510	0
8894	5511	0
8895	5511	0
8897	5512	0
8898	5512	0
8899	5513	0
8900	5513	0
8903	5517	0
8904	5517	0
8905	5520	0
8906	5520	0
8909	5524	0
8910	5524	0
8911	5525	0
8912	5525	0
8915	5526	0
8918	5527	0
8919	5527	0
8921	5529	0
8922	5529	0
8923	5532	0
8926	5533	0
8928	5533	0
8930	5535	0
8931	5535	0
8933	5537	0
8934	5537	0
8935	5540	0
8937	5540	0
8938	5542	0
8940	5542	0
8941	5544	0
8942	5544	0
8944	5546	0
8946	5546	0
8948	5547	0
8949	5547	0
8951	5548	0
8952	5548	0
8953	5550	0
8954	5550	0
8958	5552	0
8960	5553	0
8963	5554	0
8964	5554	0
8965	5556	0
8966	5556	0
8968	5558	0
8969	5558	0
8972	5559	0
8973	5559	0
8974	5561	0
8977	5562	0
8978	5562	0
8980	5563	0
8982	5563	0
8984	5566	0
8985	5566	0
8986	5567	0
8987	5567	0
8990	5568	0
8993	5569	0
8994	5569	0
8996	5573	0
8998	5574	0
9001	5575	0
9003	5575	0
9005	5577	0
9006	5577	0
9007	5579	0
9008	5579	0
9010	5580	0
9011	5580	0
9013	5581	0
9015	5581	0
9017	5583	0
9018	5583	0
9019	5587	0
9022	5589	0
9024	5589	0
9025	5592	0
9027	5592	0
9028	5594	0
9030	5594	0
9032	5596	0
9033	5596	0
9035	5597	0
9037	5598	0
9038	5598	0
9041	5599	0
9042	5599	0
9044	5601	0
9045	5601	0
9046	5603	0
9047	5603	0
9049	5604	0
9052	5605	0
9054	5605	0
9056	5607	0
9057	5607	0
9058	5609	0
9059	5609	0
9061	5610	0
9062	5610	0
9064	5611	0
9066	5611	0
9068	5615	0
9069	5615	0
9072	5617	0
9073	5619	0
9075	5619	0
9076	5622	0
9077	5622	0
9079	5624	0
9080	5624	0
9082	5626	0
9084	5626	0
9085	5628	0
9086	5628	0
9089	5629	0
9090	5629	0
9092	5630	0
9093	5630	0
9094	5631	0
9095	5631	0
9098	5633	0
9099	5633	0
9101	5635	0
9102	5635	0
9103	5637	0
9106	5638	0
9107	5638	0
9109	5639	0
9111	5639	0
9113	5642	0
9114	5642	0
9115	5643	0
9116	5643	0
9119	5644	0
9122	5645	0
9123	5645	0
9125	5648	0
9126	5648	0
9127	5649	0
9128	5649	0
9130	5650	0
9131	5650	0
9135	5651	0
9137	5653	0
9138	5653	0
9140	5655	0
9141	5655	0
9142	5659	0
9144	5659	0
9145	5662	0
9146	5662	0
9149	5664	0
9151	5666	0
9153	5666	0
9155	5667	0
9158	5668	0
9159	5668	0
9160	5670	0
9161	5670	0
9163	5672	0
9164	5672	0
9167	5673	0
9168	5673	0
9170	5674	0
9171	5674	0
9172	5675	0
9173	5675	0
9176	5678	0
9177	5678	0
9179	5679	0
9181	5680	0
9182	5680	0
9185	5681	0
9186	5681	0
9188	5683	0
9190	5685	0
9193	5686	0
9194	5686	0
9196	5687	0
9198	5687	0
9200	5689	0
9201	5689	0
9203	5691	0
9205	5693	0
9206	5693	0
9208	5694	0
9211	5695	0
9215	5697	0
9216	5697	0
9217	5700	0
9218	5700	0
9220	5701	0
9222	5701	0
9226	5707	0
9228	5707	0
9229	5709	0
9231	5709	0
9232	5712	0
9233	5712	0
9235	5714	0
9236	5714	0
9239	5715	0
9240	5715	0
9241	5717	0
9242	5717	0
9244	5718	0
9245	5718	0
9247	5719	0
9249	5719	0
9251	5723	0
9252	5723	0
9253	5725	0
9255	5725	0
9257	5729	0
9258	5729	0
9259	5731	0
9260	5731	0
9262	5732	0
9263	5732	0
9265	5735	0
9267	5735	0
9268	5737	0
9270	5737	0
9271	5740	0
9273	5740	0
9274	5742	0
9276	5742	0
9278	5744	0
9279	5744	0
9280	5745	0
9281	5745	0
9283	5746	0
9287	5747	0
9288	5747	0
9290	5749	0
9291	5749	0
9293	5751	0
9295	5755	0
9297	5755	0
9299	5760	0
9301	5761	0
9303	5761	0
9304	5766	0
9306	5766	0
9307	5768	0
9308	5768	0
9311	5769	0
9312	5769	0
9314	5770	0
9315	5770	0
9316	5771	0
9317	5771	0
9320	5773	0
9321	5773	0
9323	5775	0
9325	5778	0
9327	5778	0
9329	5782	0
9331	5784	0
9332	5784	0
9335	5785	0
9336	5785	0
9338	5786	0
9339	5786	0
9340	5787	0
9341	5787	0
9343	5789	0
9345	5789	0
9346	5791	0
9348	5791	0
9349	5794	0
9351	5794	0
9352	5796	0
9353	5796	0
9355	5798	0
9356	5798	0
9358	5800	0
9359	5800	0
9362	5801	0
9363	5801	0
9365	5802	0
9366	5802	0
9367	5803	0
9368	5803	0
9370	5805	0
9372	5805	0
9373	5807	0
9375	5807	0
9376	5810	0
9378	5810	0
9379	5812	0
9381	5812	0
9383	5814	0
9386	5816	0
9388	5818	0
9390	5818	0
9392	5819	0
9393	5819	0
9395	5820	0
9396	5820	0
9397	5822	0
9398	5822	0
9401	5828	0
9402	5828	0
9403	5829	0
9404	5829	0
9406	5832	0
9408	5832	0
9410	5833	0
9411	5833	0
9413	5834	0
9414	5834	0
9415	5836	0
9416	5836	0
9419	5838	0
9420	5838	0
9422	5839	0
9425	5841	0
9426	5841	0
9428	5843	0
9429	5843	0
9430	5845	0
9433	5846	0
9434	5846	0
9436	5847	0
9438	5847	0
9439	5850	0
9441	5850	0
9443	5851	0
9444	5851	0
9446	5852	0
9447	5852	0
9448	5854	0
9449	5854	0
9451	5856	0
9452	5856	0
9455	5857	0
9456	5857	0
9457	5859	0
9460	5860	0
9461	5860	0
9463	5861	0
9465	5861	0
9467	5864	0
9468	5864	0
9469	5865	0
9470	5865	0
9473	5866	0
9476	5867	0
9479	5871	0
9481	5872	0
9484	5873	0
9486	5873	0
9488	5875	0
9489	5875	0
9490	5877	0
9491	5877	0
9493	5878	0
9494	5878	0
9497	5881	0
9498	5881	0
9499	5885	0
9501	5885	0
9502	5887	0
9504	5887	0
9507	5890	0
9508	5892	0
9510	5892	0
9512	5894	0
9513	5894	0
9514	5895	0
9515	5895	0
9517	5896	0
9518	5896	0
9521	5897	0
9522	5897	0
9524	5899	0
9526	5903	0
9528	5903	0
9529	5908	0
9531	5908	0
9532	5910	0
9534	5910	0
9535	5912	0
9537	5912	0
9539	5914	0
9542	5915	0
9543	5915	0
9545	5916	0
9546	5916	0
9547	5917	0
9548	5917	0
9551	5919	0
9552	5919	0
9554	5921	0
9555	5921	0
9556	5923	0
9559	5924	0
9560	5924	0
9562	5925	0
9564	5925	0
9566	5928	0
9567	5928	0
9568	5929	0
9569	5929	0
9572	5930	0
9575	5931	0
9576	5931	0
9578	5934	0
9579	5934	0
9580	5935	0
9581	5935	0
9583	5936	0
9584	5936	0
9587	5937	0
9588	5937	0
9590	5939	0
9591	5939	0
9593	5941	0
9594	5941	0
9595	5945	0
9597	5945	0
9598	5948	0
9599	5948	0
9601	5950	0
9602	5950	0
9604	5952	0
9606	5952	0
9608	5953	0
9609	5953	0
9611	5954	0
9612	5954	0
9613	5956	0
9614	5956	0
9616	5958	0
9617	5958	0
9620	5959	0
9621	5959	0
9624	5960	0
9625	5961	0
9626	5961	0
9629	5964	0
9630	5964	0
9632	5965	0
9634	5966	0
9635	5966	0
9638	5967	0
9639	5967	0
9640	5969	0
9642	5969	0
9645	5972	0
9646	5973	0
9647	5973	0
9650	5974	0
9653	5975	0
9654	5975	0
9656	5977	0
9657	5977	0
9658	5979	0
9659	5979	0
9661	5980	0
9664	5981	0
9666	5981	0
9668	5984	0
9669	5984	0
9670	5985	0
9671	5985	0
9674	5987	0
9675	5987	0
9677	5989	0
9678	5989	0
9680	5991	0
9681	5991	0
9682	5993	0
9684	5993	0
9685	5998	0
9687	5998	0
9688	6000	0
9690	6000	0
9692	6001	0
9693	6001	0
9694	6003	0
9695	6003	0
9697	6004	0
9698	6004	0
9700	6005	0
9702	6005	0
9704	6007	0
9706	6011	0
9708	6011	0
9709	6013	0
9711	6013	0
9712	6016	0
9714	6016	0
